timestamp,avg:boottime,var:boottime,avg:bytes_in,var:bytes_in,avg:bytes_out,var:bytes_out,avg:cpu_aidle,var:cpu_aidle,avg:cpu_idle,var:cpu_idle,avg:cpu_nice,var:cpu_nice,avg:cpu_speed,var:cpu_speed,avg:cpu_steal,var:cpu_steal,avg:cpu_system,var:cpu_system,avg:cpu_user,var:cpu_user,avg:cpu_wio,var:cpu_wio,avg:disk_free,var:disk_free,avg:disk_total,var:disk_total,avg:load_fifteen,var:load_fifteen,avg:load_five,var:load_five,avg:load_one,var:load_one,avg:mem_buffers,var:mem_buffers,avg:mem_cached,var:mem_cached,avg:mem_free,var:mem_free,avg:mem_shared,var:mem_shared,avg:mem_total,var:mem_total,avg:part_max_used,var:part_max_used,avg:pkts_in,var:pkts_in,avg:pkts_out,var:pkts_out,avg:proc_run,var:proc_run,avg:proc_total,var:proc_total,avg:swap_free,var:swap_free,avg:swap_total,var:swap_total,gexec_0,machine_type_0,os_name_0,os_release_0,avg:Agg_Therm_Mgn_1,var:Agg_Therm_Mgn_1,avg:BB_Inlet_Temp,var:BB_Inlet_Temp,avg:BB_Mem_VR_Temp,var:BB_Mem_VR_Temp,avg:BB_P1_VR_Temp,var:BB_P1_VR_Temp,avg:BB__12_0V,var:BB__12_0V,avg:BB__3_0V_VBAT,var:BB__3_0V_VBAT,avg:BMC_Temp,var:BMC_Temp,avg:DIMM_Thrm_Mrgn_1,var:DIMM_Thrm_Mrgn_1,avg:DIMM_Thrm_Mrgn_2,var:DIMM_Thrm_Mrgn_2,avg:Exit_Air_Temp,var:Exit_Air_Temp,avg:HSBP_PSOC_Temp,var:HSBP_PSOC_Temp,avg:HSBP_Temp,var:HSBP_Temp,avg:P1_Therm_Ctrl_%,var:P1_Therm_Ctrl_%,avg:P1_Therm_Margin,var:P1_Therm_Margin,avg:PS1_Curr_Out_%,var:PS1_Curr_Out_%,avg:PS1_Input_Power,var:PS1_Input_Power,avg:PS1_Temperature,var:PS1_Temperature,avg:PS2_Curr_Out_%,var:PS2_Curr_Out_%,avg:PS2_Input_Power,var:PS2_Input_Power,avg:PS2_Temperature,var:PS2_Temperature,avg:Riser_1_Temp,var:Riser_1_Temp,avg:Riser_2_Temp,var:Riser_2_Temp,avg:SSB_Temp,var:SSB_Temp,avg:System_Fan_1a,var:System_Fan_1a,avg:System_Fan_1b,var:System_Fan_1b,avg:System_Fan_2a,var:System_Fan_2a,avg:System_Fan_2b,var:System_Fan_2b,avg:System_Fan_3a,var:System_Fan_3a,avg:System_Fan_3b,var:System_Fan_3b,HDD_0_Status_0,MTT_CPU1_0,NM_Capabilities_0,P1_Status_0,PS1_Status_0,PS2_Status_0
2020-01-13 10:05:00+01:00,1574153079.0,0.0,815.2525,3136.269368750002,712.8348333333336,116070.85521830556,75.8,0.0,99.59666666666666,0.0006555555555554809,0.0,0.0,1400.0,0.0,0.0,0.0,0.0016666666666666668,0.00016388888888888895,0.40166666666666667,0.00016388888888888885,0.0,0.0,77.24300000000001,2.0194839173657902e-28,102.802,0.0,4.011333333333334,0.002798222222222208,3.8756666666666675,0.016581222222222268,3.611666666666667,0.08984055555555556,0.0,0.0,174398.6,16.44,90143221.6,215290.23999999996,0.0,0.0,98705496.0,0.0,83.8,0.0,10.610333333333335,3.3954332222222217,5.675833333333334,0.00025763888888888706,1.5833333333333333,0.24305555555555558,3714.85,0.1275,16383996.0,0.0,16383996.0,0.0,1.0,1.0,1.0,1.0,14.933333333333334,0.06222222222222223,39.0,0.0,45.0,0.0,48.0,0.0,12.3083,0.0,3.1553,0.0,44.0,0.0,-52.0,0.0,-51.0,0.0,45.0,0.0,41.0,0.0,34.93333333333333,0.06222222222222223,0.0,0.0,-38.0,0.0,16.0,0.0,445.8666666666667,30.115555555555552,44.0,0.0,15.0,0.0,440.0,0.0,45.0,0.0,40.0,0.0,39.0,0.0,51.0,0.0,24441.2,7427.093333333333,24480.4,24586.24,24571.866666666665,18525.048888888887,24571.866666666665,22366.648888888885,24558.8,25354.56,24591.466666666667,28769.315555555553,1.0,1.0,1.0,1.0,1.0,1.0
2020-01-13 10:10:00+01:00,1574153079.0,0.0,5642.112333333333,5013815.864734555,6537.518,6661256.818875999,75.8,0.0,99.6,0.0,0.0,0.0,1400.0,0.0,0.0,0.0,0.0,0.0,0.4,0.0,0.0,0.0,77.24245,2.4749999999532916e-07,102.802,0.0,3.9291666666666667,0.0005909722222222271,3.780333333333333,0.01209655555555558,3.886833333333334,0.36062497222222223,0.0,0.0,174416.66666666666,1764.8888888888891,90144037.73333333,1450084.4622222222,0.0,0.0,98705496.0,0.0,83.8,0.0,98.1125,1644.9436187499998,96.18800000000002,1700.1569560000003,1.6166666666666667,0.2363888888888889,3714.0,0.0,16383996.0,0.0,16383996.0,0.0,1.0,1.0,1.0,1.0,15.0,0.0,39.0,0.0,45.0,0.0,48.0,0.0,12.308300000000004,2.8398992587956425e-29,3.1553,0.0,44.0,0.0,-52.0,0.0,-51.0,0.0,45.0,0.0,41.0,0.0,34.93333333333333,0.06222222222222226,0.0,0.0,-38.0,0.0,16.0,0.0,449.53333333333336,13.982222222222227,44.0,0.0,15.0,0.0,440.0,0.0,45.0,0.0,40.0,0.0,39.0,0.0,51.0,0.0,24447.733333333334,13915.12888888889,24519.6,14341.973333333333,24558.8,25354.56,24552.266666666666,28000.995555555553,24532.666666666668,16220.08888888889,24637.2,22793.49333333333,1.0,1.0,1.0,1.0,1.0,1.0
2020-01-13 10:15:00+01:00,1574153079.0,0.0,750.115,50070.36227500001,380.54249999999996,277133.93836874986,75.85833333333333,0.00243055555555597,99.6,0.0,0.0,0.0,1400.0,0.0,0.0,0.0,0.0,0.0,0.4,0.0,0.0,0.0,77.24235000000002,2.2749999999570657e-07,102.802,0.0,3.8108333333333335,0.00907763888888889,3.5641666666666665,0.05143430555555557,3.116166666666667,0.3204069722222223,0.0,0.0,174557.93333333332,3.9955555555555557,90146655.86666666,126595.18222222224,0.0,0.0,98705496.0,0.0,83.8,0.0,10.3615,12.20564275,4.1785,25.500322750000002,1.4666666666666666,0.2488888888888889,3714.85,1.8275,16383996.0,0.0,16383996.0,0.0,1.0,1.0,1.0,1.0,14.8,0.16,39.0,0.0,45.0,0.0,48.0,0.0,12.304700000000004,0.0001814399999999898,3.1553,0.0,44.0,0.0,-52.0,0.0,-51.0,0.0,45.0,0.0,41.0,0.0,34.8,0.16000000000000003,0.0,0.0,-38.0,0.0,16.0,0.0,445.8666666666667,30.11555555555556,44.0,0.0,15.0,0.0,440.0,0.0,45.0,0.0,40.0,0.0,38.53333333333333,0.2488888888888889,51.0,0.0,24441.2,9988.160000000002,24565.333333333332,32867.02222222222,24526.133333333335,18525.04888888889,24558.8,21512.959999999995,24565.333333333332,23903.28888888889,24663.333333333332,14939.555555555557,1.0,1.0,1.0,1.0,1.0,1.0
2020-01-13 10:20:00+01:00,1574153079.0,0.0,5878.772833333333,2599416.6922103055,5412.289,1816262.885179,75.9,0.0,99.48,0.03359999999999857,0.0,0.0,1400.0,0.0,0.0,0.0,0.03,0.0021,0.46,0.008399999999999998,0.0,0.0,77.24285,1.2749999999759381e-07,102.802,0.0,3.6655,0.01576475,3.4484999999999997,0.18379274999999992,3.9626666666666663,1.705232888888889,0.0,0.0,176071.66666666666,2540894.0222222223,90144717.6,12112519.04,0.0,0.0,98705496.0,0.0,83.8,0.0,34.4675,39.80537875,35.525999999999996,114.60028400000003,1.7833333333333334,0.16972222222222222,3716.5666666666666,0.678888888888889,16383996.0,0.0,16383996.0,0.0,1.0,1.0,1.0,1.0,14.533333333333333,0.2488888888888888,38.93333333333333,0.06222222222222226,45.0,0.0,48.0,0.0,12.304700000000004,0.0001814399999999898,3.1553,0.0,44.0,0.0,-52.0,0.0,-51.0,0.0,44.53333333333333,0.24888888888888897,41.0,0.0,34.4,0.23999999999999996,0.0,0.0,-38.333333333333336,0.2222222222222223,16.0,0.0,445.8666666666667,30.11555555555556,44.0,0.0,15.0,0.0,440.73333333333335,7.528888888888888,45.0,0.0,40.0,0.0,38.0,0.0,51.0,0.0,24506.533333333333,19805.582222222223,24467.333333333332,29025.42222222222,24539.2,20232.42666666666,24578.4,20744.64,24513.066666666666,24159.395555555555,24637.2,13829.760000000004,1.0,1.0,1.0,1.0,1.0,1.0
2020-01-13 10:25:00+01:00,1574153079.0,0.0,1980.9664999999998,688976.88474275,1321.9843333333333,692410.4656145555,75.9,0.0,99.6,0.0,0.0,0.0,1400.0,0.0,0.0,0.0,0.0,0.0,0.4,0.0,0.0,0.0,77.24199999999999,2.0194839173657902e-28,102.802,0.0,3.6793333333333322,0.014299555555555558,3.528166666666666,0.11064163888888888,2.991333333333334,0.857184888888889,0.0,0.0,179953.26666666666,2101498.928888889,90136894.4,447677.4400000001,0.0,0.0,98705496.0,0.0,83.8,0.0,21.435,58.47083499999998,20.809833333333334,59.1025516388889,1.4166666666666667,0.24305555555555558,3715.8,0.16,16383996.0,0.0,16383996.0,0.0,1.0,1.0,1.0,1.0,14.0,0.26666666666666666,38.46666666666667,0.24888888888888897,44.46666666666667,0.24888888888888897,48.0,0.0,12.308300000000004,2.8398992587956425e-29,3.1553,0.0,44.0,0.0,-52.13333333333333,0.11555555555555558,-51.4,0.23999999999999996,44.13333333333333,0.11555555555555559,40.93333333333333,0.06222222222222223,34.0,0.13333333333333333,0.0,0.0,-38.4,0.23999999999999996,16.0,0.0,445.8666666666667,30.11555555555556,44.0,0.0,15.0,0.0,440.0,0.0,45.0,0.0,40.0,0.0,38.0,0.0,50.666666666666664,0.22222222222222224,24434.666666666668,9817.422222222223,24558.8,24074.026666666665,24526.133333333335,23647.18222222222,24617.6,16903.039999999997,24604.533333333333,24927.715555555555,24578.4,20744.64,1.0,1.0,1.0,1.0,1.0,1.0
2020-01-13 10:30:00+01:00,1574153079.0,0.0,622.0011666666667,523434.85575363896,391.3858333333333,197543.0242576389,75.9,0.0,99.54666666666667,0.007822222222221332,0.0,0.0,1400.0,0.0,0.0,0.0,0.02666666666666667,0.001955555555555556,0.4266666666666667,0.0019555555555555546,0.0,0.0,77.242,0.0,102.80200000000002,2.0194839173657902e-28,3.4031666666666665,0.011051638888888871,2.975,0.0423183333333333,2.5278333333333336,0.13724363888888885,0.0,0.0,189296.4,25161411.04,90128705.86666666,25362501.04888889,0.0,0.0,98705496.0,0.0,83.8,0.0,7.8445,58.51936474999999,6.625666666666667,66.91080122222222,1.3833333333333333,0.23638888888888887,3714.6666666666665,0.22222222222222224,16383996.0,0.0,16383996.0,0.0,1.0,1.0,1.0,1.0,13.133333333333333,0.11555555555555559,37.333333333333336,0.2222222222222223,43.6,0.23999999999999996,47.0,0.0,12.308300000000004,2.8398992587956425e-29,3.1553,0.0,43.06666666666667,0.06222222222222226,-53.13333333333333,0.11555555555555558,-52.4,0.23999999999999996,43.06666666666667,0.06222222222222226,40.0,0.0,33.13333333333333,0.11555555555555559,0.0,0.0,-39.4,0.23999999999999996,16.0,0.0,443.6666666666667,26.888888888888882,43.46666666666667,0.24888888888888897,15.0,0.0,440.73333333333335,7.528888888888887,45.0,0.0,39.06666666666667,0.06222222222222226,37.0,0.0,49.733333333333334,0.19555555555555554,24467.333333333332,14939.555555555557,24513.066666666666,19037.26222222222,24506.533333333333,14683.44888888889,24584.933333333334,20317.79555555556,24447.733333333334,6231.92888888889,24591.466666666667,21086.115555555552,1.0,1.0,1.0,1.0,1.0,1.0
2020-01-13 10:35:00+01:00,1574153079.0,0.0,157.378,3710.7590559999994,129.39200000000002,660.6956160000002,75.9,0.0,99.59333333333333,0.0012888888888887423,0.0,0.0,1400.0,0.0,0.0,0.0,0.0033333333333333335,0.0003222222222222224,0.4033333333333333,0.000322222222222222,0.0,0.0,77.24215,1.274999999975938e-07,102.80200000000002,2.0194839173657902e-28,3.155666666666667,0.005794555555555567,2.6748333333333334,0.007678305555555552,2.474833333333333,0.01461163888888889,0.0,0.0,192758.6,16.44,90124490.4,433799.0400000001,0.0,0.0,98705496.0,0.0,83.8,0.0,2.3240000000000003,0.8987039999999996,1.886,0.18662400000000004,1.7833333333333334,0.1697222222222222,3714.0,0.0,16383996.0,0.0,16383996.0,0.0,1.0,1.0,1.0,1.0,13.333333333333334,0.3555555555555555,37.333333333333336,0.22222222222222224,43.06666666666667,0.06222222222222223,46.6,0.23999999999999996,12.304700000000002,0.00018143999999998986,3.1553,0.0,43.0,0.0,-53.266666666666666,0.1955555555555555,-52.666666666666664,0.22222222222222224,43.13333333333333,0.11555555555555558,40.0,0.0,33.333333333333336,0.3555555555555556,0.0,0.0,-39.6,0.23999999999999996,16.0,0.0,440.73333333333335,7.528888888888888,43.0,0.0,15.0,0.0,440.0,0.0,45.0,0.0,39.0,0.0,37.266666666666666,0.19555555555555554,49.2,0.16,24415.066666666666,12634.595555555557,24532.666666666668,22622.755555555555,24513.066666666666,15195.66222222222,24676.4,24586.24,24480.4,16903.04,24552.266666666666,11354.062222222221,1.0,1.0,1.0,1.0,1.0,1.0
2020-01-13 10:40:00+01:00,1574153079.0,0.0,4019.8418333333325,7780236.496478305,4350.185833333333,8881576.221800972,75.9,0.0,99.6,0.0,0.0,0.0,1400.0,0.0,0.0,0.0,0.0,0.0,0.4,0.0,0.0,0.0,77.24245,2.4749999999532916e-07,102.80199999999999,2.0194839173657902e-28,3.026666666666666,0.0017255555555555514,2.706833333333333,0.04001497222222222,3.0564999999999998,0.6884660833333331,0.0,0.0,192841.0,4851.0,90123825.6,30666.240000000005,0.0,0.0,98705496.0,0.0,83.8,0.0,56.08316666666667,2484.4515549722223,46.43116666666666,1875.102440305555,1.75,0.1875,3714.0,0.0,16383996.0,0.0,16383996.0,0.0,1.0,1.0,1.0,1.0,14.333333333333334,0.22222222222222218,38.06666666666667,0.06222222222222226,44.0,0.0,47.4,0.23999999999999996,12.308300000000004,2.8398992587956425e-29,3.1553,0.0,43.666666666666664,0.2222222222222223,-52.53333333333333,0.24888888888888897,-52.0,0.0,44.2,0.16000000000000006,40.266666666666666,0.1955555555555555,34.333333333333336,0.2222222222222223,0.0,0.0,-38.6,0.23999999999999996,16.0,0.0,442.2,19.359999999999996,43.0,0.0,15.0,0.0,440.0,0.0,45.0,0.0,39.733333333333334,0.1955555555555555,38.0,0.0,50.0,0.0,24454.266666666666,8792.995555555557,24571.866666666665,18525.048888888887,24526.133333333335,21086.115555555552,24558.8,26635.093333333327,24532.666666666668,21342.222222222223,24552.266666666666,15195.662222222223,1.0,1.0,1.0,1.0,1.0,1.0
2020-01-13 10:45:00+01:00,1574153079.0,0.0,293.362,129648.36953599993,274.6460000000001,395446.524984,75.9,0.0,99.6,0.0,0.0,0.0,1400.0,0.0,0.0,0.0,0.0,0.0,0.4,0.0,0.0,0.0,77.24200000000002,2.0194839173657902e-28,102.80200000000002,2.0194839173657902e-28,3.0620000000000003,0.0013559999999999993,3.0080000000000005,0.013056000000000002,3.205,0.1513650000000001,0.0,0.0,200024.0,101388800.0,90106470.4,622566256.64,0.0,0.0,98705496.0,0.0,83.8,0.0,4.414666666666667,30.03347822222222,3.0626666666666664,37.77695288888889,2.0,0.0,3714.0,0.0,16383996.0,0.0,16383996.0,0.0,1.0,1.0,1.0,1.0,14.6,0.23999999999999996,38.53333333333333,0.24888888888888897,44.2,0.16,47.666666666666664,0.2222222222222223,12.308300000000004,2.8398992587956425e-29,3.1553,0.0,43.86666666666667,0.11555555555555559,-52.266666666666666,0.1955555555555555,-51.53333333333333,0.2488888888888889,44.53333333333333,0.24888888888888897,40.6,0.23999999999999996,34.666666666666664,0.2222222222222223,0.0,0.0,-38.333333333333336,0.2222222222222223,16.0,0.0,443.6666666666667,26.88888888888889,43.4,0.23999999999999996,15.0,0.0,440.0,0.0,45.0,0.0,40.0,0.0,38.266666666666666,0.19555555555555554,50.333333333333336,0.22222222222222224,24447.733333333334,24159.39555555556,24604.533333333333,28769.31555555556,24486.933333333334,20317.795555555556,24584.933333333334,22878.862222222222,24552.266666666666,19037.262222222223,24578.4,16903.04,1.0,1.0,1.0,1.0,1.0,1.0
2020-01-13 10:50:00+01:00,1574153079.0,0.0,6330.990000000001,515262195.30278677,201.294,100758.45922399996,75.9,0.0,99.515,0.018274999999999653,0.0,0.0,1400.0,0.0,0.0,0.0,0.0,0.0,0.485,0.018274999999999996,0.0,0.0,77.242,0.0,102.80199999999999,2.0194839173657902e-28,3.268,0.006735999999999998,3.5639999999999996,0.04014399999999998,4.314,0.5656239999999999,0.0,0.0,216791.2,982575.3600000005,90052186.13333334,55535927.18222222,0.0,0.0,98705496.0,0.0,83.8,0.0,12.080666666666668,906.0691395555555,2.9739999999999998,25.686863999999996,1.1333333333333333,0.11555555555555555,3713.733333333333,0.19555555555555554,16383996.0,0.0,16383996.0,0.0,1.0,1.0,1.0,1.0,15.0,0.0,39.0,0.0,45.0,0.0,48.0,0.0,12.308300000000004,2.8398992587956425e-29,3.1553,0.0,44.0,0.0,-52.0,0.0,-51.0,0.0,45.0,0.0,41.0,0.0,35.0,0.0,0.0,0.0,-38.0,0.0,16.0,0.0,448.8,19.36,44.0,0.0,15.0,0.0,440.0,0.0,45.0,0.0,40.0,0.0,38.733333333333334,0.1955555555555555,51.0,0.0,24460.8,12549.226666666667,24513.066666666666,15195.66222222222,24513.066666666666,21598.328888888886,24565.333333333332,25183.822222222218,24526.133333333335,17244.515555555554,24584.933333333334,28000.99555555556,1.0,1.0,1.0,1.0,1.0,1.0
2020-01-13 10:55:00+01:00,1574153079.0,0.0,623.9773333333334,112421.98692622222,761.4046666666668,1347222.5181048892,75.9,0.0,99.6,0.0,0.0,0.0,1400.0,0.0,0.0,0.0,0.0,0.0,0.4,0.0,0.0,0.0,77.24199999999999,2.0194839173657902e-28,102.802,0.0,3.4130000000000003,0.0011010000000000015,3.7010000000000005,0.028389,3.5810000000000004,0.22320900000000005,0.0,0.0,217277.33333333334,3.555555555555556,90046763.2,26946.56,0.0,0.0,98705496.0,0.0,83.8,0.0,9.291333333333334,25.304638222222213,8.283333333333333,33.072688888888884,1.0,0.0,3713.2,0.16,16383996.0,0.0,16383996.0,0.0,1.0,1.0,1.0,1.0,14.933333333333334,0.06222222222222223,39.0,0.0,45.0,0.0,48.0,0.0,12.308300000000004,2.8398992587956425e-29,3.1553,0.0,44.0,0.0,-52.0,0.0,-51.0,0.0,45.0,0.0,41.0,0.0,34.86666666666667,0.11555555555555558,0.0,0.0,-38.0,0.0,16.0,0.0,445.8666666666667,30.11555555555556,44.0,0.0,15.0,0.0,440.0,0.0,45.0,0.0,40.0,0.0,38.93333333333333,0.06222222222222223,51.0,0.0,24486.933333333334,17756.72888888889,24539.2,25354.559999999994,24532.666666666668,20061.688888888886,24526.133333333335,24927.71555555556,24565.333333333332,27744.888888888887,24591.466666666667,41574.648888888885,1.0,1.0,1.0,1.0,1.0,1.0
2020-01-13 11:00:00+01:00,1574153079.0,0.0,1835.39,785702.54,2104.514666666667,1632507.5170382226,75.9,0.0,99.54666666666667,0.007822222222221334,0.0,0.0,1400.0,0.0,0.0,0.0,0.02666666666666667,0.0019555555555555554,0.4266666666666667,0.0019555555555555546,0.0,0.0,77.242,0.0,102.80200000000002,2.0194839173657902e-28,3.2869999999999995,0.0014609999999999949,3.2329999999999997,0.013821000000000007,3.056,0.39014400000000016,0.0,0.0,217299.73333333334,1167.9288888888887,90045311.46666667,2601279.7155555557,0.0,0.0,98705496.0,0.0,83.8,0.0,34.004000000000005,357.88390400000003,33.22666666666667,345.34888888888884,1.7333333333333334,0.1955555555555556,3713.266666666667,0.19555555555555554,16383996.0,0.0,16383996.0,0.0,1.0,1.0,1.0,1.0,14.133333333333333,0.24888888888888897,38.2,0.16,44.06666666666667,0.06222222222222226,47.8,0.16000000000000006,12.308300000000004,2.8398992587956425e-29,3.1553,0.0,44.0,0.0,-52.4,0.23999999999999996,-51.733333333333334,0.1955555555555555,44.06666666666667,0.06222222222222226,40.93333333333333,0.06222222222222226,34.13333333333333,0.24888888888888897,0.0,0.0,-38.266666666666666,0.1955555555555555,16.0,0.0,445.8666666666667,30.11555555555556,44.0,0.0,15.0,0.0,440.0,0.0,45.0,0.0,40.0,0.0,38.0,0.0,50.13333333333333,0.11555555555555559,24486.933333333334,13915.128888888888,24565.333333333332,20061.688888888883,24526.133333333335,18525.04888888889,24558.8,25354.559999999994,24539.2,30476.693333333333,24643.733333333334,15195.66222222222,1.0,1.0,1.0,1.0,1.0,1.0
2020-01-13 11:05:00+01:00,1574153079.0,0.0,1642.166666666667,914591.328622222,1622.436666666667,2461531.401155555,75.9,0.0,99.59333333333333,0.0012888888888887425,0.0,0.0,1400.0,0.0,0.0,0.0,0.0033333333333333335,0.00032222222222222233,0.4033333333333333,0.000322222222222222,0.0,0.0,77.242,0.0,102.80200000000002,2.0194839173657902e-28,3.1770000000000005,0.005900999999999992,2.9870000000000005,0.03320100000000005,2.5910000000000006,0.12174900000000004,0.0,0.0,217371.73333333334,0.9955555555555559,90039290.13333334,18239312.78222222,0.0,0.0,98705496.0,0.0,83.8,0.0,25.550666666666665,598.3141795555556,24.711333333333332,586.8983182222222,1.4666666666666666,0.24888888888888897,3713.9333333333334,0.06222222222222223,16383996.0,0.0,16383996.0,0.0,1.0,1.0,1.0,1.0,14.8,0.16,38.93333333333333,0.06222222222222226,44.733333333333334,0.1955555555555555,48.0,0.0,12.304700000000004,0.0001814399999999898,3.1553,0.0,44.0,0.0,-52.0,0.0,-51.06666666666667,0.06222222222222226,44.86666666666667,0.11555555555555559,41.0,0.0,34.8,0.16,0.0,0.0,-38.0,0.0,16.0,0.0,446.6,29.04,44.0,0.0,15.0,0.0,440.0,0.0,45.0,0.0,40.0,0.0,38.266666666666666,0.1955555555555555,50.8,0.16000000000000006,24434.666666666668,8536.888888888889,24611.066666666666,31842.59555555555,24624.133333333335,39013.582222222234,24630.666666666668,23903.28888888889,24584.933333333334,30562.06222222222,24624.133333333335,42855.18222222223,1.0,1.0,1.0,1.0,1.0,1.0
2020-01-13 11:10:00+01:00,1574153079.0,0.0,3244.77,6121699.7156,3777.2720000000004,12891782.138069332,75.9,0.0,99.6,0.0,0.0,0.0,1400.0,0.0,0.0,0.0,0.0,0.0,0.4,0.0,0.0,0.0,77.24199999999999,2.0194839173657902e-28,102.80200000000002,2.0194839173657902e-28,2.980000000000001,0.0016599999999999974,2.6529999999999996,0.005820999999999998,2.5310000000000006,0.16062900000000005,0.0,0.0,217479.2,11938.560000000001,90043713.06666666,3248860.7288888893,0.0,0.0,98705496.0,0.0,83.8,0.0,57.58466666666667,2975.956131555555,56.38933333333333,3043.9626062222223,1.7333333333333334,0.19555555555555554,3716.9333333333334,10.86222222222222,16383996.0,0.0,16383996.0,0.0,1.0,1.0,1.0,1.0,14.2,0.2933333333333334,38.4,0.23999999999999996,44.46666666666667,0.24888888888888897,48.0,0.0,12.308300000000004,2.8398992587956425e-29,3.1553,0.0,44.0,0.0,-52.13333333333333,0.11555555555555558,-51.6,0.23999999999999996,44.46666666666667,0.24888888888888897,41.0,0.0,34.4,0.3733333333333333,0.0,0.0,-38.46666666666667,0.24888888888888897,16.0,0.0,442.93333333333334,23.662222222222226,44.0,0.0,15.0,0.0,440.0,0.0,45.0,0.0,40.0,0.0,38.0,0.0,50.46666666666667,0.24888888888888897,24441.2,15110.293333333333,24493.466666666667,22366.64888888889,24500.0,21769.066666666666,24578.4,16903.04,24539.2,17671.359999999993,24630.666666666668,31586.48888888888,1.0,1.0,1.0,1.0,1.0,1.0
2020-01-13 11:15:00+01:00,1574153079.0,0.0,264.2306666666667,349056.68747288885,267.94800000000004,403591.50921600015,75.9,0.0,99.6,0.0,0.0,0.0,1400.0,0.0,0.0,0.0,0.0,0.0,0.4,0.0,0.0,0.0,77.242,0.0,102.80200000000002,2.0194839173657902e-28,2.9750000000000005,4.4999999999999407e-05,2.874,0.003084000000000007,3.008,0.017675999999999994,0.0,0.0,217597.33333333334,3.555555555555556,90040002.13333334,21340940.515555553,0.0,0.0,98705496.0,0.0,83.8,0.0,3.9133333333333336,88.43582222222221,2.979333333333334,38.54741955555556,1.4666666666666666,0.2488888888888889,3715.0666666666666,3.1288888888888886,16383996.0,0.0,16383996.0,0.0,1.0,1.0,1.0,1.0,14.066666666666666,0.06222222222222224,38.0,0.0,44.0,0.0,47.6,0.23999999999999996,12.304700000000002,0.00018143999999998983,3.1553,0.0,44.0,0.0,-52.666666666666664,0.2222222222222223,-52.0,0.0,44.0,0.0,40.666666666666664,0.2222222222222223,34.06666666666667,0.06222222222222226,0.0,0.0,-38.733333333333334,0.1955555555555555,16.0,0.0,443.6666666666667,26.888888888888886,44.0,0.0,15.0,0.0,440.0,0.0,45.0,0.0,40.0,0.0,38.0,0.0,50.0,0.0,24428.133333333335,9561.315555555555,24500.0,12805.333333333334,24552.266666666666,20317.79555555556,24624.133333333335,18525.048888888894,24467.333333333332,25183.82222222222,24656.8,17671.359999999997,1.0,1.0,1.0,1.0,1.0,1.0
2020-01-13 11:20:00+01:00,1574153079.0,0.0,249.58733333333328,1465.9045395555556,1373.3360000000002,116148.13078399998,75.9,0.0,99.6,0.0,0.0,0.0,1400.0,0.0,0.0,0.0,0.0,0.0,0.4,0.0,0.0,0.0,77.242,0.0,102.80200000000002,2.0194839173657902e-28,3.0166666666666666,0.002575555555555558,3.0360000000000005,0.025664000000000027,3.1776666666666666,0.5426778888888886,0.0,0.0,217618.13333333333,842.3822222222223,90043324.8,700252.16,0.0,0.0,98705496.0,0.0,83.8,0.0,3.425333333333333,0.29299822222222216,3.980000000000001,0.5053999999999998,1.0,0.0,3713.733333333333,0.19555555555555554,16383996.0,0.0,16383996.0,0.0,1.0,1.0,1.0,1.0,13.533333333333333,0.2488888888888888,38.0,0.0,44.0,0.0,47.6,0.23999999999999996,12.304700000000004,0.0001814399999999898,3.1553,0.0,43.666666666666664,0.22222222222222224,-52.733333333333334,0.1955555555555555,-52.0,0.0,43.733333333333334,0.19555555555555554,40.46666666666667,0.24888888888888897,33.53333333333333,0.2488888888888889,0.0,0.0,-38.86666666666667,0.11555555555555559,16.0,0.0,445.1333333333333,30.11555555555556,44.0,0.0,15.0,0.0,440.0,0.0,45.0,0.0,39.733333333333334,0.19555555555555554,37.86666666666667,0.11555555555555558,50.0,0.0,24493.466666666667,19805.58222222222,24552.266666666666,30562.06222222222,24558.8,13829.760000000002,24591.466666666667,17244.515555555558,24519.6,18183.573333333337,24558.8,30476.693333333333,1.0,1.0,1.0,1.0,1.0,1.0
2020-01-13 11:25:00+01:00,1574153079.0,0.0,4850.913333333333,3173327.7999555552,6195.037333333333,6182806.281419556,75.9,0.0,99.6,0.0,0.0,0.0,1400.0,0.0,0.0,0.0,0.0,0.0,0.4,0.0,0.0,0.0,77.24199999999999,2.0194839173657902e-28,102.802,0.0,2.959,0.002408999999999987,2.88,0.015959999999999985,2.7,0.08837999999999996,0.0,0.0,217693.33333333334,3.555555555555556,90037978.66666667,16947256.888888888,0.0,0.0,98705496.0,0.0,83.8,0.0,93.77266666666667,1567.9373795555553,93.32333333333335,1550.6749288888886,1.0,0.0,3713.2,0.16,16383996.0,0.0,16383996.0,0.0,1.0,1.0,1.0,1.0,14.133333333333333,0.11555555555555558,38.2,0.16,44.0,0.0,47.2,0.16,12.304700000000002,0.00018143999999998986,3.1553,0.0,43.266666666666666,0.19555555555555554,-52.733333333333334,0.19555555555555554,-51.86666666666667,0.11555555555555558,44.0,0.13333333333333333,40.266666666666666,0.19555555555555554,34.06666666666667,0.32888888888888895,0.0,0.0,-38.4,0.23999999999999996,16.0,0.0,442.2,19.359999999999996,43.93333333333333,0.06222222222222226,15.0,0.0,440.0,0.0,45.0,0.0,39.53333333333333,0.24888888888888897,37.93333333333333,0.06222222222222226,50.0,0.0,24402.0,5122.133333333333,24552.266666666666,26720.462222222224,24591.466666666667,35171.98222222222,24630.666666666668,20061.688888888886,24578.4,20744.639999999992,24565.333333333332,20061.688888888886,1.0,1.0,1.0,1.0,1.0,1.0
2020-01-13 11:30:00+01:00,1574153079.0,0.0,191.17999999999998,8.077935669463161e-28,120.67999999999998,8.077935669463161e-28,75.9,0.0,99.55,0.007499999999999147,0.0,0.0,1400.0,0.0,0.0,0.0,0.025,0.0018750000000000004,0.425,0.0018749999999999993,0.0,0.0,77.242,0.0,102.802,0.0,2.8751666666666664,0.0019116388888888844,2.76,0.014350000000000002,2.8271666666666673,0.2891103055555556,0.0,0.0,217734.0,3468.0,90042634.0,2079660.0,0.0,0.0,98705496.0,0.0,83.8,0.0,2.6699999999999995,1.9721522630525295e-31,1.5699999999999998,4.930380657631324e-32,1.0,0.0,3716.45,1.3475,16383996.0,0.0,16383996.0,0.0,1.0,1.0,1.0,1.0,14.0,0.13333333333333333,38.0,0.0,44.0,0.0,47.266666666666666,0.1955555555555555,12.308300000000004,2.8398992587956425e-29,3.1553,0.0,44.0,0.0,-52.86666666666667,0.11555555555555558,-52.0,0.0,44.0,0.0,40.6,0.23999999999999996,33.93333333333333,0.06222222222222226,0.0,0.0,-38.53333333333333,0.24888888888888897,16.0,0.0,444.4,29.04,44.0,0.0,15.0,0.0,440.0,0.0,45.0,0.0,40.0,0.0,38.0,0.0,50.0,0.0,24421.6,11780.906666666666,24558.8,31757.226666666666,24526.133333333335,13402.915555555557,24558.8,21512.959999999995,24604.533333333333,28769.31555555556,24604.533333333333,24927.71555555556,1.0,1.0,1.0,1.0,1.0,1.0
2020-01-13 11:35:00+01:00,1574153079.0,0.0,159.6641666666667,16.834707638888904,168.6568333333333,39.01316163888887,75.9,0.0,99.59,0.0018999999999997845,0.0,0.0,1400.0,0.0,0.0,0.0,0.005,0.00047499999999999994,0.405,0.0004749999999999998,0.0,0.0,77.242,0.0,102.80200000000002,2.0194839173657902e-28,2.7868333333333326,0.0025549722222222167,2.6146666666666665,0.011478222222222233,2.454333333333333,0.11849122222222223,0.0,0.0,217841.0,5.666666666666667,90040517.33333333,21514254.22222222,0.0,0.0,98705496.0,0.0,83.8,0.0,2.2275000000000005,0.0033187499999999953,2.4353333333333333,0.012691555555555555,1.0,0.0,3717.9166666666665,4.243055555555556,16383996.0,0.0,16383996.0,0.0,1.0,1.0,1.0,1.0,14.333333333333334,0.22222222222222218,38.333333333333336,0.2222222222222223,44.0,0.0,48.0,0.0,12.308300000000004,2.8398992587956425e-29,3.1553,0.0,44.0,0.0,-52.0,0.0,-51.6,0.23999999999999996,44.13333333333333,0.11555555555555558,41.0,0.0,34.4,0.23999999999999996,0.0,0.0,-38.53333333333333,0.2488888888888889,16.0,0.0,445.1333333333333,30.11555555555556,44.0,0.0,15.0,0.0,440.0,0.0,45.0,0.0,40.0,0.0,38.06666666666667,0.06222222222222223,50.2,0.16,24421.6,4097.706666666667,24552.266666666666,19037.26222222222,24532.666666666668,25183.822222222225,24682.933333333334,29281.5288888889,24578.4,28427.839999999993,24604.533333333333,24927.71555555556,1.0,1.0,1.0,1.0,1.0,1.0
2020-01-13 11:40:00+01:00,1574153079.0,0.0,6310.899499999999,1149995.64198475,7368.961000000001,1212990.8476590002,75.9,0.0,99.6,0.0,0.0,0.0,1400.0,0.0,0.0,0.0,0.0,0.0,0.4,0.0,0.0,0.0,77.24199999999999,2.0194839173657902e-28,102.802,0.0,2.656,0.0012640000000000025,2.4229999999999996,0.00392099999999999,2.312,0.05967599999999994,0.0,0.0,217860.33333333334,549.4888888888888,90039846.53333333,25917421.848888885,0.0,0.0,98705496.0,0.0,83.8,0.0,121.975,493.22147499999994,110.78900000000002,379.806979,1.4666666666666666,0.2488888888888889,3719.3333333333335,39.02222222222222,16383996.0,0.0,16383996.0,0.0,1.0,1.0,1.0,1.0,15.0,0.0,39.0,0.0,45.0,0.0,48.0,0.0,12.308300000000004,2.8398992587956425e-29,3.1553,0.0,44.4,0.23999999999999996,-52.0,0.0,-51.0,0.0,45.0,0.0,41.0,0.0,35.0,0.0,0.0,0.0,-37.733333333333334,0.1955555555555555,16.0,0.0,445.1333333333333,30.11555555555556,44.0,0.0,15.0,0.0,440.0,0.0,45.0,0.0,40.6,0.23999999999999996,39.0,0.0,51.0,0.0,24447.733333333334,8792.995555555557,24584.933333333334,43367.39555555556,24552.266666666666,24159.395555555555,24578.4,13061.439999999999,24584.933333333334,28000.99555555556,24545.733333333334,20317.79555555556,1.0,1.0,1.0,1.0,1.0,1.0
2020-01-13 11:45:00+01:00,1574153079.0,0.0,1054.61,30782.509999999987,355.7283333333333,445022.9204972222,75.9,0.0,99.6,0.0,0.0,0.0,1400.0,0.0,0.0,0.0,0.0,0.0,0.4,0.0,0.0,0.0,77.24108333333334,7.638888888961839e-08,102.80200000000002,2.0194839173657902e-28,2.561166666666667,0.0020536388888888987,2.351166666666667,0.004820305555555564,2.254666666666667,0.05413822222222219,0.0,0.0,217936.13333333333,15.982222222222223,90036067.06666666,20476262.595555555,0.0,0.0,98705496.0,0.0,83.8,0.0,17.91,4.791600000000002,4.096666666666668,42.979322222222216,1.7333333333333334,0.19555555555555554,3720.5,21.95,16383996.0,0.0,16383996.0,0.0,1.0,1.0,1.0,1.0,14.733333333333333,0.19555555555555557,38.86666666666667,0.11555555555555559,45.0,0.0,48.0,0.0,12.308300000000004,2.8398992587956425e-29,3.1553,0.0,44.06666666666667,0.06222222222222226,-52.0,0.0,-51.0,0.0,44.666666666666664,0.2222222222222223,41.0,0.0,34.733333333333334,0.1955555555555555,0.0,0.0,-38.0,0.13333333333333333,16.0,0.0,445.8666666666667,30.11555555555556,44.0,0.0,15.0,0.0,440.0,0.0,45.0,0.0,40.333333333333336,0.2222222222222223,38.53333333333333,0.24888888888888897,51.0,0.0,24434.666666666668,16220.08888888889,24500.0,11524.8,24486.933333333334,20317.795555555556,24552.266666666666,20317.795555555556,24519.6,9219.839999999997,24565.333333333332,12378.488888888889,1.0,1.0,1.0,1.0,1.0,1.0
2020-01-13 11:50:00+01:00,1574153079.0,0.0,2429.3836666666675,42215696.66025321,202.49266666666668,32827.70096622223,75.9,0.0,99.57,0.0020999999999997618,0.0,0.0,1400.0,0.0,0.0,0.0,0.03,0.0021000000000000003,0.4,0.0,0.0,0.0,77.241,0.0,102.80200000000002,2.0194839173657902e-28,2.4905000000000004,0.001884749999999995,2.3425,0.01798875,2.4468333333333336,0.36917163888888893,0.0,0.0,225282.13333333333,914445.5822222225,90030141.46666667,48729063.44888889,0.0,0.0,98705496.0,0.0,83.8,0.0,6.756833333333333,116.13129163888883,2.752166666666667,8.640850305555555,1.95,0.0475,3719.7,1.71,16383996.0,0.0,16383996.0,0.0,1.0,1.0,1.0,1.0,15.066666666666666,0.06222222222222224,39.0,0.0,45.0,0.0,48.6,0.23999999999999996,12.308300000000004,2.8398992587956425e-29,3.1553,0.0,44.93333333333333,0.06222222222222226,-51.93333333333333,0.06222222222222226,-51.0,0.0,45.0,0.0,41.0,0.0,35.06666666666667,0.06222222222222226,0.0,0.0,-37.333333333333336,0.2222222222222223,16.0,0.0,448.06666666666666,23.662222222222226,44.0,0.0,15.0,0.0,440.0,0.0,45.0,0.0,41.0,0.0,39.0,0.0,51.0,0.0,24447.733333333334,13915.128888888888,24526.133333333335,8280.78222222222,24571.866666666665,22366.648888888893,24637.2,21512.96,24565.333333333332,20061.688888888886,24624.133333333335,26208.24888888889,1.0,1.0,1.0,1.0,1.0,1.0
2020-01-13 11:55:00+01:00,1574153079.0,0.0,3765.1721666666663,5439292.263086972,4611.119166666666,11720891.572340973,75.9,0.0,99.6,0.0,0.0,0.0,1400.0,0.0,0.0,0.0,0.0,0.0,0.4,0.0,0.0,0.0,77.241,0.0,102.80200000000002,2.0194839173657902e-28,2.5171666666666663,0.00108697222222222,2.4751666666666665,0.00793163888888888,2.444,0.07589399999999998,0.0,0.0,225480.4,4.1066666666666665,90031488.66666667,15674385.688888887,0.0,0.0,98705496.0,0.0,83.8,0.0,70.5505,2647.3092147499997,70.26416666666667,2677.0405909722217,1.0,0.0,3717.9166666666665,4.243055555555556,16383996.0,0.0,16383996.0,0.0,1.0,1.0,1.0,1.0,15.0,0.0,39.0,0.0,45.0,0.0,49.0,0.0,12.308300000000003,1.262177448353619e-29,3.1553,0.0,45.0,0.0,-52.0,0.0,-51.0,0.0,45.0,0.0,41.0,0.0,35.0,0.0,0.0,0.0,-37.2,0.16,16.0,0.0,445.1333333333333,30.11555555555556,44.0,0.0,15.0,0.0,440.0,0.0,45.0,0.0,41.0,0.0,39.0,0.0,51.0,0.0,24382.4,5378.24,24473.866666666665,33891.448888888895,24506.533333333333,22366.64888888889,24545.733333333334,21598.328888888893,24532.666666666668,29025.42222222222,24506.533333333333,18525.048888888894,1.0,1.0,1.0,1.0,1.0,1.0
2020-01-13 12:00:00+01:00,1574153079.0,0.0,825.2865000000002,4860.588282749996,295.91083333333336,11831.222840972228,75.9,0.0,99.55,0.007499999999999147,0.0,0.0,1400.0,0.0,0.0,0.0,0.025,0.0018750000000000004,0.425,0.0018749999999999993,0.0,0.0,77.241,0.0,102.80200000000002,2.0194839173657902e-28,2.506166666666666,0.004780305555555556,2.4828333333333332,0.04007697222222223,2.6726666666666663,0.5065328888888888,0.0,0.0,225503.8,859.9600000000002,90027490.4,95874515.84,0.0,0.0,98705496.0,0.0,83.8,0.0,3.7104999999999997,4.979024750000001,3.4936666666666665,5.088166555555556,1.7166666666666666,0.2030555555555555,3714.0833333333335,0.40972222222222227,16383996.0,0.0,16383996.0,0.0,1.0,1.0,1.0,1.0,14.6,0.23999999999999996,38.8,0.16000000000000006,45.0,0.0,48.0,0.0,12.304700000000002,0.00018143999999998983,3.1553,0.0,44.13333333333333,0.11555555555555559,-52.0,0.0,-51.0,0.0,44.733333333333334,0.1955555555555555,41.0,0.0,34.53333333333333,0.24888888888888897,0.0,0.0,-38.13333333333333,0.11555555555555559,16.0,0.0,445.8666666666667,30.11555555555556,44.0,0.0,15.0,0.0,440.0,0.0,45.0,0.0,40.46666666666667,0.2488888888888889,38.8,0.16000000000000006,51.0,0.0,24454.266666666666,16476.195555555558,24532.666666666668,26464.355555555558,24480.4,16903.040000000005,24545.733333333334,17756.728888888894,24604.533333333333,24927.71555555555,24578.4,13061.439999999999,1.0,1.0,1.0,1.0,1.0,1.0
2020-01-13 12:05:00+01:00,1574153079.0,0.0,202.62966666666668,6381.03093988889,183.38716666666667,163.9872369722223,75.9,0.0,99.59,0.001899999999999784,0.0,0.0,1400.0,0.0,0.0,0.0,0.005,0.00047499999999999994,0.405,0.0004749999999999998,0.0,0.0,77.241,0.0,102.802,0.0,2.7325,0.0010087499999999968,3.0014999999999996,0.0016927499999999948,3.1654999999999998,0.03272475000000001,0.0,0.0,225582.2,16.759999999999998,90030394.66666667,410851.55555555545,0.0,0.0,98705496.0,0.0,83.8,0.0,2.7316666666666665,0.00803055555555555,2.6296666666666666,0.005513222222222222,1.7333333333333334,0.19555555555555557,3714.0,0.0,16383996.0,0.0,16383996.0,0.0,1.0,1.0,1.0,1.0,14.066666666666666,0.3288888888888889,38.2,0.16,44.2,0.16000000000000006,47.666666666666664,0.2222222222222223,12.308300000000004,2.8398992587956425e-29,3.1553,0.0,44.0,0.0,-52.53333333333333,0.2488888888888889,-51.8,0.16,44.06666666666667,0.06222222222222226,41.0,0.0,34.06666666666667,0.19555555555555554,0.0,0.0,-38.333333333333336,0.2222222222222223,16.0,0.0,445.1333333333333,30.11555555555556,44.0,0.0,15.0,0.0,440.0,0.0,45.0,0.0,40.0,0.0,38.06666666666667,0.06222222222222226,50.2,0.16000000000000006,24480.4,15622.506666666664,24604.533333333333,22366.648888888885,24598.0,15366.4,24578.4,16903.04,24643.733333333334,26720.46222222222,24630.666666666668,20061.688888888886,1.0,1.0,1.0,1.0,1.0,1.0
2020-01-13 12:10:00+01:00,1574153079.0,0.0,5496.235666666667,1282112.6624412225,7197.580833333333,2033903.9524776386,75.9,0.0,99.6,0.0,0.0,0.0,1400.0,0.0,0.0,0.0,0.0,0.0,0.4,0.0,0.0,0.0,77.241,0.0,102.80200000000002,2.0194839173657902e-28,2.8329999999999997,0.004671000000000018,3.0875,0.029058749999999977,3.4045,0.5113447499999999,0.0,0.0,225648.73333333334,7983.72888888889,90025386.4,111475898.24000001,0.0,0.0,98705496.0,0.0,83.8,0.0,107.61333333333332,561.2994355555555,108.20966666666666,567.4194865555556,2.2666666666666666,0.19555555555555557,3715.866666666667,9.58222222222222,16383996.0,0.0,16383996.0,0.0,1.0,1.0,1.0,1.0,14.8,0.16000000000000006,38.8,0.16000000000000006,44.6,0.23999999999999996,48.0,0.0,12.304700000000002,0.00018143999999998986,3.1553,0.0,44.0,0.0,-52.0,0.0,-51.266666666666666,0.1955555555555555,44.733333333333334,0.1955555555555555,41.0,0.0,34.8,0.16000000000000006,0.0,0.0,-38.2,0.16000000000000006,16.0,0.0,445.1333333333333,30.11555555555556,44.0,0.0,15.0,0.0,440.0,0.0,45.0,0.0,40.0,0.0,38.6,0.23999999999999996,50.666666666666664,0.2222222222222223,24460.8,17671.359999999997,24591.466666666667,24927.71555555556,24552.266666666666,20317.795555555556,24584.933333333334,22878.862222222222,24506.533333333333,17244.51555555556,24617.6,16903.039999999997,1.0,1.0,1.0,1.0,1.0,1.0
2020-01-13 12:15:00+01:00,1574153079.0,0.0,480.1408333333333,130070.25717430552,348.1058333333334,438530.8950076388,75.9,0.0,99.6,0.0,0.0,0.0,1400.0,0.0,0.0,0.0,0.0,0.0,0.4,0.0,0.0,0.0,77.2416,2.4000000000229194e-07,102.80200000000002,2.0194839173657902e-28,3.0103333333333335,0.0006632222222222222,3.3215000000000003,0.006672750000000001,3.3508333333333336,0.11105097222222225,0.0,0.0,225804.93333333332,5.528888888888888,90028944.53333333,126566.11555555557,0.0,0.0,98705496.0,0.0,83.8,0.0,7.559166666666667,27.779957638888888,3.955,41.186474999999994,1.7333333333333334,0.19555555555555557,3713.733333333333,0.19555555555555557,16383996.0,0.0,16383996.0,0.0,1.0,1.0,1.0,1.0,14.6,0.23999999999999996,38.8,0.16000000000000006,44.86666666666667,0.11555555555555559,48.0,0.0,12.308300000000004,2.8398992587956425e-29,3.1553,0.0,44.0,0.0,-52.0,0.0,-51.13333333333333,0.11555555555555559,44.6,0.23999999999999996,41.0,0.0,34.6,0.23999999999999996,0.0,0.0,-38.06666666666667,0.3288888888888889,16.0,0.0,444.4,29.04,44.0,0.0,15.0,0.0,440.0,0.0,45.0,0.0,40.06666666666667,0.06222222222222223,38.46666666666667,0.2488888888888889,50.93333333333333,0.06222222222222226,24447.733333333334,13915.128888888892,24526.133333333335,22366.64888888889,24519.6,18183.573333333334,24565.333333333332,20061.68888888888,24539.2,34318.293333333335,24532.666666666668,18781.155555555557,1.0,1.0,1.0,1.0,1.0,1.0
2020-01-13 12:20:00+01:00,1574153079.0,0.0,250.2533333333334,1334.2286222222217,1281.375833333333,116685.78204097222,75.9,0.0,99.57,0.0020999999999997613,0.0,0.0,1400.0,0.0,0.0,0.0,0.03,0.0021000000000000003,0.4,0.0,0.0,0.0,77.24100000000001,2.0194839173657902e-28,102.80199999999999,2.0194839173657902e-28,2.9926666666666666,0.0014662222222222184,3.0919999999999996,0.010326000000000005,3.0241666666666664,0.19162097222222232,0.0,0.0,225857.73333333334,1664.1955555555555,90025807.46666667,22281301.04888889,0.0,0.0,98705496.0,0.0,83.8,0.0,3.66,0.4850999999999998,3.2575,0.13921875000000003,1.2833333333333334,0.20305555555555552,3713.733333333333,0.19555555555555554,16383996.0,0.0,16383996.0,0.0,1.0,1.0,1.0,1.0,15.0,0.0,39.0,0.0,45.0,0.0,48.333333333333336,0.22222222222222224,12.308300000000004,2.8398992587956425e-29,3.1553,0.0,44.86666666666667,0.11555555555555559,-52.0,0.0,-51.0,0.0,45.0,0.0,41.0,0.0,35.0,0.0,0.0,0.0,-37.266666666666666,0.1955555555555555,16.0,0.0,449.53333333333336,13.982222222222223,44.0,0.0,15.0,0.0,440.0,0.0,45.0,0.0,41.0,0.0,39.0,0.0,51.0,0.0,24447.733333333334,17756.72888888889,24532.666666666668,16220.08888888889,24513.066666666666,24159.395555555555,24558.8,13829.760000000002,24565.333333333332,12378.488888888889,24565.333333333332,30305.95555555556,1.0,1.0,1.0,1.0,1.0,1.0
2020-01-13 12:25:00+01:00,1574153079.0,0.0,4757.339666666668,3780994.0426732223,6163.501333333334,6088798.8182982225,75.9,0.0,99.6,0.0,0.0,0.0,1400.0,0.0,0.0,0.0,0.0,0.0,0.4,0.0,0.0,0.0,77.241,0.0,102.802,0.0,3.1166666666666667,0.0006555555555555551,3.3311666666666664,0.00024363888888888704,3.557833333333333,0.020606972222222242,0.0,0.0,225930.53333333333,13.84888888888889,90033226.66666667,604131.5555555556,0.0,0.0,98705496.0,0.0,83.8,0.0,93.36516666666668,1599.9530149722223,92.63116666666669,1576.5842169722223,1.9166666666666667,0.07638888888888887,3714.0,0.0,16383996.0,0.0,16383996.0,0.0,1.0,1.0,1.0,1.0,14.8,0.16000000000000006,39.0,0.0,45.0,0.0,48.0,0.0,12.308300000000004,2.8398992587956425e-29,3.1553,0.0,44.13333333333333,0.11555555555555559,-52.0,0.0,-51.0,0.0,45.0,0.0,41.0,0.0,34.86666666666667,0.11555555555555559,0.0,0.0,-38.0,0.0,16.0,0.0,447.3333333333333,26.888888888888882,44.0,0.0,15.0,0.0,440.0,0.0,45.0,0.0,40.46666666666667,0.2488888888888889,39.0,0.0,51.0,0.0,24428.133333333335,10841.848888888886,24578.4,25866.773333333334,24545.733333333334,16476.195555555558,24604.533333333333,32610.91555555556,24526.133333333335,30049.848888888893,24643.733333333334,15195.66222222222,1.0,1.0,1.0,1.0,1.0,1.0
2020-01-13 12:30:00+01:00,1574153079.0,0.0,922.6743333333332,3438.6996812222214,293.45849999999996,11561.522132749995,75.9,0.0,99.575,0.0018749999999997868,0.0,0.0,1400.0,0.0,0.0,0.0,0.025,0.0018750000000000004,0.425,0.0018749999999999988,0.0,0.0,77.24100000000003,8.077935669463161e-28,102.80199999999999,2.0194839173657902e-28,3.1060000000000003,0.003374000000000007,3.1686666666666667,0.030001555555555576,3.1131666666666664,0.48683163888888903,0.0,0.0,225951.4,742.8400000000001,90031618.4,25259424.640000004,0.0,0.0,98705496.0,0.0,83.8,0.0,4.816,4.494384000000001,3.5441666666666665,5.105507638888888,1.95,0.0475,3715.5,6.75,16383996.0,0.0,16383996.0,0.0,1.0,1.0,1.0,1.0,14.266666666666667,0.19555555555555557,38.46666666666667,0.2488888888888889,44.6,0.23999999999999996,48.0,0.0,12.308300000000004,2.8398992587956425e-29,3.1553,0.0,44.0,0.0,-52.0,0.0,-51.266666666666666,0.1955555555555555,44.266666666666666,0.1955555555555555,41.0,0.0,34.266666666666666,0.19555555555555554,0.0,0.0,-38.266666666666666,0.1955555555555555,16.0,0.0,445.1333333333333,30.11555555555556,44.0,0.0,15.0,0.0,440.0,0.0,45.0,0.0,40.06666666666667,0.06222222222222226,38.13333333333333,0.11555555555555559,50.733333333333334,0.1955555555555555,24454.266666666666,10073.528888888886,24591.466666666667,21086.115555555556,24480.4,14341.973333333337,24611.066666666666,31842.59555555556,24545.733333333334,25439.92888888889,24584.933333333334,20317.795555555556,1.0,1.0,1.0,1.0,1.0,1.0
2020-01-13 12:35:00+01:00,1574153079.0,0.0,190.649,18094.562789,178.73333333333332,349.85728888888883,75.9,0.0,99.595,0.00047499999999994595,0.0,0.0,1400.0,0.0,0.0,0.0,0.005,0.00047499999999999994,0.405,0.0004749999999999998,0.0,0.0,77.241,0.0,102.802,0.0,3.234166666666667,0.0009143055555555554,3.400333333333333,0.01752988888888889,3.4113333333333333,0.3653982222222222,0.0,0.0,226026.2,16.76,90031547.6,275145.44,0.0,0.0,98705496.0,0.0,83.8,0.0,2.3746666666666667,0.16167822222222228,2.525,0.018125,1.25,0.1875,3713.733333333333,0.19555555555555554,16383996.0,0.0,16383996.0,0.0,1.0,1.0,1.0,1.0,14.866666666666667,0.11555555555555559,39.0,0.0,45.0,0.0,48.0,0.0,12.304700000000004,0.0001814399999999898,3.1553,0.0,44.0,0.0,-52.0,0.0,-51.0,0.0,45.0,0.0,41.0,0.0,34.93333333333333,0.06222222222222226,0.0,0.0,-38.0,0.0,16.0,0.0,445.1333333333333,30.11555555555556,44.0,0.0,15.0,0.0,440.0,0.0,45.0,0.0,40.2,0.16,38.86666666666667,0.11555555555555559,51.0,0.0,24447.733333333334,10073.528888888886,24539.2,27915.62666666666,24519.6,13061.44,24565.333333333332,20061.688888888886,24552.266666666666,19037.26222222222,24539.2,13829.760000000002,1.0,1.0,1.0,1.0,1.0,1.0
2020-01-13 12:40:00+01:00,1574153079.0,0.0,5691.665,922638.3300850001,7366.962666666666,1721442.6294428885,75.9,0.0,99.6,0.0,0.0,0.0,1400.0,0.0,0.0,0.0,0.0,0.0,0.4,0.0,0.0,0.0,77.241,0.0,102.802,0.0,3.2353333333333336,0.001218222222222222,3.302333333333333,0.012111222222222204,3.3721666666666668,0.2276403055555555,0.0,0.0,226039.13333333333,409.6488888888889,90029801.2,17220153.226666667,0.0,0.0,98705496.0,0.0,83.8,0.0,111.12883333333333,392.618263638889,111.09750000000003,464.34215875000007,2.0,0.0,3714.0,0.0,16383996.0,0.0,16383996.0,0.0,1.0,1.0,1.0,1.0,14.533333333333333,0.2488888888888888,39.0,0.0,45.0,0.0,48.0,0.0,12.308300000000004,2.8398992587956425e-29,3.1553,0.0,44.0,0.0,-52.0,0.0,-51.0,0.0,44.93333333333333,0.06222222222222223,41.0,0.0,34.666666666666664,0.2222222222222223,0.0,0.0,-38.0,0.0,16.0,0.0,445.1333333333333,30.11555555555556,44.0,0.0,15.0,0.0,440.0,0.0,45.0,0.0,40.0,0.0,38.733333333333334,0.1955555555555555,51.0,0.0,24506.533333333333,17244.515555555558,24545.733333333334,17756.728888888894,24545.733333333334,21598.328888888893,24545.733333333334,12634.595555555557,24506.533333333333,19805.582222222227,24578.4,29708.373333333333,1.0,1.0,1.0,1.0,1.0,1.0
2020-01-13 12:45:00+01:00,1574153079.0,0.0,704.974,303955.947684,395.41099999999994,511300.7928089999,75.9,0.0,99.6,0.0,0.0,0.0,1400.0,0.0,0.0,0.0,0.0,0.0,0.4,0.0,0.0,0.0,77.241,0.0,102.802,0.0,3.3999999999999995,0.0006800000000000011,3.639333333333333,0.004999555555555554,3.7770000000000006,0.24814099999999986,0.0,0.0,226121.06666666668,6.328888888888889,90033492.8,237058.56,0.0,0.0,98705496.0,0.0,83.8,0.0,11.633999999999999,79.602084,4.447000000000001,48.73436099999999,1.9,0.09,3714.0,0.0,16383996.0,0.0,16383996.0,0.0,1.0,1.0,1.0,1.0,14.8,0.16000000000000006,39.0,0.0,45.0,0.0,48.0,0.0,12.308300000000004,2.8398992587956425e-29,3.1553,0.0,44.0,0.0,-52.0,0.0,-51.0,0.0,44.733333333333334,0.1955555555555555,41.0,0.0,34.86666666666667,0.11555555555555559,0.0,0.0,-37.93333333333333,0.06222222222222225,16.0,0.0,442.93333333333334,23.662222222222226,44.0,0.0,15.0,0.0,440.0,0.0,45.0,0.0,40.333333333333336,0.22222222222222224,38.666666666666664,0.2222222222222223,51.0,0.0,24454.266666666666,12634.595555555556,24526.133333333335,31330.382222222226,24513.066666666666,22878.86222222222,24532.666666666668,34147.555555555555,24630.666666666668,23903.288888888885,24565.333333333332,27744.888888888883,1.0,1.0,1.0,1.0,1.0,1.0
2020-01-13 12:50:00+01:00,1574153079.0,0.0,226.43200000000002,9654.241536,1233.8829999999998,128838.64148100001,75.9,0.0,99.54,0.008399999999999047,0.0,0.0,1400.0,0.0,0.0,0.0,0.03,0.0021,0.43,0.0020999999999999994,0.0,0.0,77.24090000000001,9.000000000085947e-08,102.802,0.0,3.4323333333333337,0.0016978888888888892,3.5643333333333334,0.013677888888888908,3.6023333333333336,0.3226845555555555,0.0,0.0,226134.53333333333,589.3155555555556,90032641.6,2528500.9066666663,0.0,0.0,98705496.0,0.0,83.8,0.0,3.4040000000000004,3.0695040000000016,2.8219999999999996,0.054755999999999964,3.433333333333333,1.3122222222222222,3717.9666666666667,4.2988888888888885,16383996.0,0.0,16383996.0,0.0,1.0,1.0,1.0,1.0,14.933333333333334,0.06222222222222224,39.0,0.0,45.0,0.0,48.0,0.0,12.304700000000004,0.0001814399999999898,3.1553,0.0,44.2,0.16,-52.0,0.0,-51.0,0.0,45.0,0.0,41.0,0.0,34.93333333333333,0.06222222222222226,0.0,0.0,-38.0,0.0,16.0,0.0,446.6,29.04,44.0,0.0,15.0,0.0,440.0,0.0,45.0,0.0,40.86666666666667,0.11555555555555559,39.0,0.0,51.0,0.0,24454.266666666666,16476.195555555558,24552.266666666666,28000.995555555553,24526.133333333335,26208.24888888889,24578.4,22025.17333333333,24526.133333333335,28769.31555555556,24571.866666666665,33891.448888888895,1.0,1.0,1.0,1.0,1.0,1.0
2020-01-13 12:55:00+01:00,1574153079.0,0.0,4777.066,4016614.878163999,6185.741999999999,6073711.629536001,75.9,0.0,99.6,0.0,0.0,0.0,1400.0,0.0,0.0,0.0,0.0,0.0,0.4,0.0,0.0,0.0,77.2405,2.500000000023874e-07,102.802,0.0,3.7666666666666666,0.002542222222222225,4.260666666666666,0.006246222222222209,4.844666666666666,0.4588115555555556,0.0,0.0,226222.0,16.8,90030598.4,829.44,0.0,0.0,98705496.0,0.0,83.8,0.0,93.69600000000001,1673.5633440000006,92.56700000000002,1629.2794410000001,1.7333333333333334,0.19555555555555557,3713.766666666667,0.1788888888888889,16383996.0,0.0,16383996.0,0.0,1.0,1.0,1.0,1.0,15.0,0.0,39.0,0.0,45.0,0.0,48.0,0.0,12.308300000000004,2.8398992587956425e-29,3.1553,0.0,44.0,0.0,-52.0,0.0,-51.0,0.0,45.0,0.0,41.0,0.0,35.0,0.0,0.0,0.0,-38.0,0.0,16.0,0.0,444.4,29.04,44.0,0.0,15.0,0.0,440.0,0.0,45.0,0.0,40.6,0.23999999999999996,39.0,0.0,51.0,0.0,24500.0,17927.466666666667,24552.266666666666,24159.39555555556,24552.266666666666,19037.262222222223,24696.0,15366.4,24513.066666666666,19037.26222222222,24604.533333333333,28769.31555555556,1.0,1.0,1.0,1.0,1.0,1.0
2020-01-13 13:00:00+01:00,1574153079.0,0.0,885.279,9827.847149000001,378.1420000000001,21159.796176000007,75.9,0.0,99.57666666666667,0.0017888888888886855,0.0,0.0,1400.0,0.0,0.0,0.0,0.0,0.0,0.42333333333333334,0.001788888888888888,0.0,0.0,77.2401,9.000000000085949e-08,102.80200000000002,2.0194839173657902e-28,3.990666666666667,0.007539555555555528,4.496666666666665,0.018215555555555537,5.022333333333332,0.216851222222222,0.0,0.0,226233.46666666667,338.64888888888885,90031160.0,722188.8,0.0,0.0,98705496.0,0.0,83.8,0.0,3.9366666666666674,11.028055555555556,4.559333333333335,10.072099555555555,1.0333333333333334,0.032222222222222215,3713.8333333333335,0.1388888888888889,16383996.0,0.0,16383996.0,0.0,1.0,1.0,1.0,1.0,15.0,0.0,39.0,0.0,45.0,0.0,48.2,0.16000000000000006,12.308300000000004,2.8398992587956425e-29,3.1553,0.0,44.86666666666667,0.11555555555555559,-52.0,0.0,-51.0,0.0,45.0,0.0,41.0,0.0,35.0,0.0,0.0,0.0,-38.0,0.0,16.0,0.0,445.8666666666667,30.11555555555556,44.0,0.0,15.0,0.0,440.0,0.0,45.0,0.0,41.0,0.0,39.0,0.0,51.0,0.0,24467.333333333332,14939.555555555551,24454.266666666666,17756.728888888887,24480.4,20744.640000000003,24558.8,21512.959999999995,24571.866666666665,26208.248888888895,24578.4,28427.839999999993,1.0,1.0,1.0,1.0,1.0,1.0
2020-01-13 13:05:00+01:00,1574153079.0,0.0,216.284,14595.246323999996,200.95833333333337,777.6389472222221,75.9,0.0,99.59333333333333,0.0006222222222221516,0.0,0.0,1400.0,0.0,0.0,0.0,0.0,0.0,0.4066666666666667,0.0006222222222222218,0.0,0.0,77.24,0.0,102.80200000000002,2.0194839173657902e-28,4.014,0.009824000000000017,4.178,0.12173599999999989,3.6166666666666667,0.46262888888888865,0.0,0.0,226444.8,1743.36,90031623.2,149343.36,0.0,0.0,98705496.0,0.0,83.8,0.0,2.769,0.010468999999999996,2.839,0.044109000000000016,1.0,0.0,3713.1,0.09,16383996.0,0.0,16383996.0,0.0,1.0,1.0,1.0,1.0,15.0,0.0,39.0,0.0,45.0,0.0,48.13333333333333,0.11555555555555559,12.308300000000004,2.8398992587956425e-29,3.1553,0.0,44.93333333333333,0.06222222222222223,-52.0,0.0,-51.0,0.0,45.0,0.0,41.0,0.0,35.0,0.0,0.0,0.0,-37.86666666666667,0.11555555555555559,16.0,0.0,448.06666666666666,23.662222222222226,44.0,0.0,15.0,0.0,440.0,0.0,45.0,0.0,41.0,0.0,39.0,0.0,51.0,0.0,24460.8,20232.426666666666,24558.8,18951.893333333326,24539.2,18951.893333333333,24598.0,19208.0,24571.866666666665,18525.04888888889,24565.333333333332,12378.488888888889,1.0,1.0,1.0,1.0,1.0,1.0
2020-01-13 13:10:00+01:00,1574153079.0,0.0,5698.798,1518351.6568160001,8295.877333333334,4052128.2805395555,75.9,0.0,99.6,0.0,0.0,0.0,1400.0,0.0,0.0,0.0,0.0,0.0,0.4,0.0,0.0,0.0,77.24000000000001,2.0194839173657902e-28,102.802,0.0,3.7213333333333343,0.006378222222222217,3.406,0.022064000000000004,2.979,0.0042089999999999905,0.0,0.0,226481.2,457.76,90033661.86666666,3374233.3155555553,0.0,0.0,98705496.0,0.0,83.8,0.0,110.31233333333333,613.9880912222222,110.45633333333333,680.5297498888889,1.8333333333333333,0.1388888888888889,3711.6,1.4400000000000004,16383996.0,0.0,16383996.0,0.0,1.0,1.0,1.0,1.0,14.333333333333334,0.3555555555555555,38.53333333333333,0.24888888888888897,44.46666666666667,0.2488888888888889,48.0,0.0,12.301100000000003,0.0003369599999999813,3.1553,0.0,44.0,0.0,-52.266666666666666,0.1955555555555555,-51.46666666666667,0.24888888888888897,44.4,0.23999999999999996,41.0,0.0,34.4,0.37333333333333324,0.0,0.0,-38.2,0.16000000000000006,16.0,0.0,445.1333333333333,30.11555555555556,44.0,0.0,15.0,0.0,440.0,0.0,45.0,0.0,40.06666666666667,0.06222222222222226,38.266666666666666,0.19555555555555554,50.53333333333333,0.24888888888888897,24434.666666666668,13659.022222222226,24591.466666666667,17244.515555555558,24552.266666666666,19037.262222222227,24617.6,32269.44,24565.333333333332,20061.688888888883,24558.8,25354.559999999998,1.0,1.0,1.0,1.0,1.0,1.0
2020-01-13 13:15:00+01:00,1574153079.0,0.0,358.604,370932.157764,268.12,136205.2836,75.9,0.0,99.6,0.0,0.0,0.0,1400.0,0.0,0.0,0.0,0.0,0.0,0.4,0.0,0.0,0.0,77.24,0.0,102.802,0.0,3.523666666666667,0.0030832222222222263,3.156666666666667,0.0045888888888888976,3.010333333333334,0.02233655555555558,0.0,0.0,226554.0,16.8,90033407.2,282476.16,0.0,0.0,98705496.0,0.0,83.8,0.0,5.418000000000001,97.891236,4.242,43.243776000000004,1.5,0.25,3713.766666666667,0.17888888888888888,16383996.0,0.0,16383996.0,0.0,1.0,1.0,1.0,1.0,15.0,0.0,39.0,0.0,45.0,0.0,48.0,0.0,12.308300000000004,2.8398992587956425e-29,3.1553,0.0,44.0,0.0,-52.0,0.0,-51.0,0.0,45.0,0.0,41.0,0.0,35.0,0.0,0.0,0.0,-37.93333333333333,0.06222222222222226,16.0,0.0,447.3333333333333,26.888888888888882,44.0,0.0,15.0,0.0,440.0,0.0,45.0,0.0,40.6,0.23999999999999996,39.0,0.0,51.0,0.0,24434.666666666668,12378.48888888889,24519.6,19464.106666666674,24532.666666666668,27744.888888888887,24604.533333333333,21086.115555555552,24519.6,23305.706666666665,24552.266666666666,20317.795555555556,1.0,1.0,1.0,1.0,1.0,1.0
2020-01-13 13:20:00+01:00,1574153079.0,0.0,252.04300000000003,1033.686801,188.84899999999996,212.6638890000001,75.9,0.0,99.54,0.008399999999999045,0.0,0.0,1400.0,0.0,0.0,0.0,0.03,0.0021,0.43,0.002099999999999999,0.0,0.0,77.2401,9.000000000085947e-08,102.80200000000002,2.0194839173657902e-28,3.4760000000000004,0.0020039999999999984,3.3053333333333335,0.030318222222222205,3.6066666666666665,0.2698422222222222,0.0,0.0,226568.4,635.04,90033131.2,1096757.76,0.0,0.0,98705496.0,0.0,83.8,0.0,3.920000000000001,0.35999999999999993,1.96,0.0008999999999999977,1.2666666666666666,0.19555555555555557,3713.7,0.21000000000000005,16383996.0,0.0,16383996.0,0.0,1.0,1.0,1.0,1.0,14.933333333333334,0.19555555555555557,39.0,0.0,45.0,0.0,48.333333333333336,0.22222222222222224,12.304700000000004,0.0001814399999999898,3.1553,0.0,44.4,0.23999999999999996,-51.733333333333334,0.1955555555555555,-51.0,0.0,45.0,0.0,41.06666666666667,0.06222222222222223,34.93333333333333,0.19555555555555554,0.0,0.0,-37.53333333333333,0.2488888888888889,16.0,0.0,446.6,29.04,44.0,0.0,15.0,0.0,440.0,0.0,45.0,0.0,40.666666666666664,0.2222222222222223,38.93333333333333,0.06222222222222226,51.0,0.0,24473.866666666665,13402.915555555555,24643.733333333334,44647.92888888889,24571.866666666665,14683.448888888886,24617.6,32269.44,24571.866666666665,26208.248888888895,24604.533333333333,24927.71555555556,1.0,1.0,1.0,1.0,1.0,1.0
2020-01-13 13:25:00+01:00,1574153079.0,0.0,5268.805000000001,4949274.638224999,6151.362,7499374.784736001,75.9,0.0,99.6,0.0,0.0,0.0,1400.0,0.0,0.0,0.0,0.0,0.0,0.4,0.0,0.0,0.0,77.24050000000001,2.5000000000238746e-07,102.80199999999999,2.0194839173657902e-28,3.5739999999999994,0.0008039999999999972,3.6186666666666665,0.009604888888888897,3.6903333333333332,0.12132322222222224,0.0,0.0,226645.6,7.04,90030833.6,1131901.4399999997,0.0,0.0,98705496.0,0.0,83.8,0.0,94.17600000000002,1658.7187839999997,93.42,1676.7709799999996,1.3666666666666667,0.23222222222222225,3713.366666666667,0.23222222222222225,16383996.0,0.0,16383996.0,0.0,1.0,1.0,1.0,1.0,15.0,0.0,39.0,0.0,45.0,0.0,48.53333333333333,0.24888888888888897,12.308300000000004,2.8398992587956425e-29,3.1553,0.0,45.0,0.0,-52.0,0.0,-51.0,0.0,45.0,0.0,41.0,0.0,35.0,0.0,0.0,0.0,-37.333333333333336,0.2222222222222223,16.0,0.0,449.53333333333336,13.982222222222223,44.0,0.0,15.0,0.0,440.0,0.0,45.06666666666667,0.06222222222222223,41.0,0.0,39.0,0.0,51.0,0.0,24421.6,5378.24,24526.133333333335,19805.58222222222,24584.933333333334,20317.795555555556,24558.8,21512.96,24539.2,22793.493333333332,24526.133333333335,12122.382222222222,1.0,1.0,1.0,1.0,1.0,1.0
2020-01-13 13:30:00+01:00,1574153079.0,0.0,5721.178333333332,632486.3654138888,1481.8843333333332,2909.0937845555563,75.9,0.0,99.57833333333333,0.0016972222222220294,0.0,0.0,1400.0,0.0,0.0,0.0,0.0,0.0,0.4,0.0,0.0,0.0,77.24,0.0,102.802,0.0,3.511833333333333,7.497222222222253e-05,3.4603333333333337,0.00041322222222222715,3.4234999999999998,0.032256083333333345,0.0,0.0,226672.93333333332,539.928888888889,90032957.46666667,1917010.1155555553,0.0,0.0,98705496.0,0.0,83.8,0.0,6.865999999999999,8.023604,5.414999999999999,9.588125000000002,1.1666666666666667,0.1388888888888889,3711.733333333333,3.3288888888888897,16383996.0,0.0,16383996.0,0.0,1.0,1.0,1.0,1.0,15.0,0.0,39.0,0.0,45.0,0.0,49.0,0.0,12.308300000000004,2.8398992587956425e-29,3.1553,0.0,45.0,0.0,-51.666666666666664,0.2222222222222223,-51.0,0.0,45.0,0.0,41.0,0.0,35.0,0.0,0.0,0.0,-37.06666666666667,0.06222222222222225,16.0,0.0,446.6,29.04,44.0,0.0,15.0,0.0,440.0,0.0,45.2,0.16,41.0,0.0,39.0,0.0,51.0,0.0,24441.2,13829.760000000002,24591.466666666667,17244.515555555558,24513.066666666666,20317.795555555553,24584.933333333334,35684.19555555556,24552.266666666666,24159.395555555555,24591.466666666667,32610.91555555554,1.0,1.0,1.0,1.0,1.0,1.0
2020-01-13 13:35:00+01:00,1574153079.0,0.0,5213.804499999999,5668614.966124751,619.4846666666666,107808.99128822224,75.9,0.0,99.59166666666667,0.0007638888888888022,0.0,0.0,1400.0,0.0,0.0,0.0,0.0,0.0,0.4,0.0,0.0,0.0,77.24,0.0,102.802,0.0,3.3385,0.008102749999999976,3.059166666666667,0.03814097222222227,2.6061666666666667,0.1213503055555556,0.0,0.0,226750.0,26.933333333333334,90033513.46666667,503395.1822222222,0.0,0.0,98705496.0,0.0,83.8,0.0,12.763333333333334,20.966402222222218,9.1965,24.516799416666665,1.0,0.0,3713.766666666667,0.1788888888888889,16383996.0,0.0,16383996.0,0.0,1.0,1.0,1.0,1.0,15.0,0.0,39.0,0.0,45.0,0.0,49.0,0.0,12.308300000000004,2.8398992587956425e-29,3.1553,0.0,45.0,0.0,-51.53333333333333,0.24888888888888897,-51.0,0.0,45.0,0.0,41.06666666666667,0.06222222222222226,35.0,0.0,0.0,0.0,-37.0,0.0,16.0,0.0,448.06666666666666,23.662222222222226,44.0,0.0,15.0,0.0,440.0,0.0,45.266666666666666,0.1955555555555555,41.0,0.0,39.0,0.0,51.0,0.0,24460.8,12549.226666666667,24539.2,26635.09333333333,24545.733333333334,12634.595555555557,24571.866666666665,22366.648888888896,24604.533333333333,21086.115555555556,24630.666666666668,20061.688888888886,1.0,1.0,1.0,1.0,1.0,1.0
2020-01-13 13:40:00+01:00,1574153079.0,0.0,7530.586500000002,15122402.221472753,3843.9030000000002,18319988.255451,75.9,0.0,99.6,0.0,0.0,0.0,1400.0,0.0,0.0,0.0,0.0,0.0,0.4,0.0,0.0,0.0,77.23949999999999,2.4999999999528196e-07,102.802,0.0,3.1193333333333335,0.0021462222222222264,2.74,0.010083333333333347,2.5715000000000003,0.12849275,0.0,0.0,226769.2,987.36,90033791.6,16527.840000000004,0.0,0.0,98705496.0,0.0,83.8,0.0,53.32933333333334,3125.7306895555553,51.17516666666667,3213.892858305556,1.0,0.0,3714.0,0.0,16383996.0,0.0,16383996.0,0.0,1.0,1.0,1.0,1.0,15.0,0.0,39.0,0.0,45.0,0.0,48.733333333333334,0.1955555555555555,12.304700000000004,0.0001814399999999898,3.1553,0.0,45.0,0.0,-52.0,0.0,-51.0,0.0,45.0,0.0,41.0,0.0,35.0,0.0,0.0,0.0,-37.333333333333336,0.2222222222222223,16.0,0.0,446.6,29.04,44.0,0.0,15.0,0.0,440.0,0.0,45.4,0.23999999999999996,41.0,0.0,39.0,0.0,51.0,0.0,24500.0,21769.066666666666,24519.6,23305.706666666665,24441.2,15110.293333333333,24584.933333333334,26720.46222222222,24584.933333333334,16476.195555555558,24598.0,19208.0,1.0,1.0,1.0,1.0,1.0,1.0
