timestamp,avg:boottime,var:boottime,avg:bytes_in,var:bytes_in,avg:bytes_out,var:bytes_out,avg:cpu_aidle,var:cpu_aidle,avg:cpu_idle,var:cpu_idle,avg:cpu_nice,var:cpu_nice,avg:cpu_speed,var:cpu_speed,avg:cpu_steal,var:cpu_steal,avg:cpu_system,var:cpu_system,avg:cpu_user,var:cpu_user,avg:cpu_wio,var:cpu_wio,avg:disk_free,var:disk_free,avg:disk_total,var:disk_total,avg:load_fifteen,var:load_fifteen,avg:load_five,var:load_five,avg:load_one,var:load_one,avg:mem_buffers,var:mem_buffers,avg:mem_cached,var:mem_cached,avg:mem_free,var:mem_free,avg:mem_shared,var:mem_shared,avg:mem_total,var:mem_total,avg:part_max_used,var:part_max_used,avg:pkts_in,var:pkts_in,avg:pkts_out,var:pkts_out,avg:proc_run,var:proc_run,avg:proc_total,var:proc_total,avg:swap_free,var:swap_free,avg:swap_total,var:swap_total,gexec_0,machine_type_0,os_name_0,os_release_0,avg:Agg_Therm_Mgn_1,var:Agg_Therm_Mgn_1,avg:BB_Inlet_Temp,var:BB_Inlet_Temp,avg:BB_Mem_VR_Temp,var:BB_Mem_VR_Temp,avg:BB_P1_VR_Temp,var:BB_P1_VR_Temp,avg:BB__12_0V,var:BB__12_0V,avg:BB__3_0V_VBAT,var:BB__3_0V_VBAT,avg:BMC_Temp,var:BMC_Temp,avg:DIMM_Thrm_Mrgn_1,var:DIMM_Thrm_Mrgn_1,avg:DIMM_Thrm_Mrgn_2,var:DIMM_Thrm_Mrgn_2,avg:Exit_Air_Temp,var:Exit_Air_Temp,avg:HSBP_PSOC_Temp,var:HSBP_PSOC_Temp,avg:HSBP_Temp,var:HSBP_Temp,avg:P1_Therm_Ctrl_%,var:P1_Therm_Ctrl_%,avg:P1_Therm_Margin,var:P1_Therm_Margin,avg:PS1_Curr_Out_%,var:PS1_Curr_Out_%,avg:PS1_Input_Power,var:PS1_Input_Power,avg:PS1_Temperature,var:PS1_Temperature,avg:PS2_Curr_Out_%,var:PS2_Curr_Out_%,avg:PS2_Input_Power,var:PS2_Input_Power,avg:PS2_Temperature,var:PS2_Temperature,avg:Riser_1_Temp,var:Riser_1_Temp,avg:Riser_2_Temp,var:Riser_2_Temp,avg:SSB_Temp,var:SSB_Temp,avg:System_Fan_1a,var:System_Fan_1a,avg:System_Fan_1b,var:System_Fan_1b,avg:System_Fan_2a,var:System_Fan_2a,avg:System_Fan_2b,var:System_Fan_2b,avg:System_Fan_3a,var:System_Fan_3a,avg:System_Fan_3b,var:System_Fan_3b,HDD_0_Status_0,MTT_CPU1_0,NM_Capabilities_0,P1_Status_0,PS1_Status_0,PS2_Status_0
2020-01-07 19:05:00+01:00,1574153079.0,0.0,5420.703333333333,18552790.333742224,6696.517833333332,52086006.849040315,76.0,0.0,76.53,0.005100000000000145,0.0,0.0,1400.0,0.0,0.0,0.0,1.7783333333333333,0.058697222222222234,21.671666666666667,0.04836388888888907,0.0,0.0,77.538,0.0,102.80200000000002,2.0194839173657902e-28,69.90666666666667,0.0021055555555554817,70.05666666666667,0.014318888888889034,70.41133333333333,0.3149748888888934,0.0,0.0,554350.9333333333,74.59555555555553,81255942.53333333,114857061.31555554,0.0,0.0,98705496.0,0.0,83.8,0.0,21.365333333333332,71.03357822222219,19.255000000000003,79.68862166666666,64.0,0.0,3843.733333333333,0.19555555555555557,16383996.0,0.0,16383996.0,0.0,1.0,1.0,1.0,1.0,16.0,0.0,41.0,0.0,48.6,0.24,52.93333333333333,0.06222222222222223,12.2507,0.0001814400000000137,3.1553,0.0,48.0,0.0,-50.666666666666664,0.22222222222222218,-49.0,0.0,49.733333333333334,0.19555555555555554,42.0,0.0,36.0,0.0,0.0,0.0,-25.133333333333333,1.5822222222222222,20.666666666666668,1.0222222222222224,582.2666666666667,943.2622222222221,45.0,0.0,20.0,0.6666666666666666,574.9333333333333,572.1955555555556,45.0,0.0,43.0,0.0,40.0,0.0,56.6,0.24,24454.266666666666,22878.862222222222,24513.066666666666,10073.528888888886,24428.133333333335,9561.315555555555,24643.733333333334,31842.59555555556,24532.666666666668,26464.355555555558,24591.466666666667,21086.115555555552,1.0,1.0,1.0,1.0,1.0,1.0
2020-01-07 19:10:00+01:00,1574153079.0,0.0,2880.1016666666665,4238918.158347222,831.8516666666667,235882.82001388888,76.0,0.0,76.56666666666666,0.0022222222222219694,0.0,0.0,1400.0,0.0,0.0,0.0,1.8083333333333333,0.027097222222222217,21.593333333333334,0.02728888888888885,0.0,0.0,77.538,0.0,102.80200000000002,2.0194839173657902e-28,69.82133333333334,0.006138222222222419,69.7315,0.04608274999999964,69.448,0.34127600000000136,0.0,0.0,554385.2666666667,2657.862222222222,81255343.73333333,91457872.99555555,0.0,0.0,98705496.0,0.0,83.8,0.0,20.988333333333337,8.213347222222222,9.433333333333334,4.449388888888889,64.0,0.0,3841.1666666666665,2.4388888888888887,16383996.0,0.0,16383996.0,0.0,1.0,1.0,1.0,1.0,16.0,0.0,41.0,0.0,49.0,0.0,53.0,0.0,12.254300000000006,2.8398992587956425e-29,3.1553,0.0,48.0,0.0,-50.13333333333333,0.11555555555555559,-49.0,0.0,50.0,0.0,42.0,0.0,36.0,0.0,0.0,0.0,-24.466666666666665,0.2488888888888889,20.6,0.7733333333333335,580.0666666666667,572.1955555555556,45.0,0.0,20.066666666666666,0.4622222222222222,576.4,625.9733333333335,45.0,0.0,43.0,0.0,40.0,0.0,57.0,0.0,24467.333333333332,16220.088888888888,24604.533333333333,22366.64888888889,24506.533333333333,15963.982222222223,24624.133333333335,14683.448888888886,24506.533333333333,15963.982222222221,24486.933333333334,29281.528888888886,1.0,1.0,1.0,1.0,1.0,1.0
2020-01-07 19:15:00+01:00,1574153079.0,0.0,3891.883,6656933.033821001,4408.867666666666,24758034.774691224,76.0,0.0,76.57,0.0020999999999997613,0.0,0.0,1400.0,0.0,0.0,0.0,1.9366666666666668,0.06565555555555552,21.52,0.08359999999999988,0.0,0.0,77.53800000000001,2.0194839173657902e-28,102.802,0.0,69.71600000000001,0.01218400000000044,69.5725,0.11246875000000142,69.47233333333334,0.9623345555555488,0.0,0.0,554460.2666666667,64.99555555555554,81259074.13333334,68008042.38222224,0.0,0.0,98705496.0,0.0,83.8,0.0,23.291999999999998,203.60441599999996,22.037333333333333,196.4313595555556,64.0,0.0,3842.2166666666667,2.3030555555555554,16383996.0,0.0,16383996.0,0.0,1.0,1.0,1.0,1.0,15.533333333333333,0.2488888888888888,40.2,0.16000000000000006,48.2,0.16000000000000006,52.93333333333333,0.06222222222222226,12.254300000000006,2.8398992587956425e-29,3.1553,0.0,47.6,0.23999999999999996,-50.86666666666667,0.11555555555555559,-49.4,0.23999999999999996,49.333333333333336,0.2222222222222223,42.0,0.0,35.53333333333333,0.2488888888888889,0.0,0.0,-25.533333333333335,0.9155555555555556,20.466666666666665,1.0488888888888888,582.2666666666667,1023.928888888889,44.93333333333333,0.06222222222222223,20.066666666666666,0.7288888888888888,569.0666666666667,765.7955555555554,45.0,0.0,42.4,0.23999999999999996,39.666666666666664,0.22222222222222224,56.2,0.16000000000000006,24408.533333333333,5719.715555555555,24604.533333333333,28769.315555555553,24506.533333333333,15963.982222222221,24611.066666666666,24159.395555555555,24578.4,25866.77333333333,24591.466666666667,21086.115555555552,1.0,1.0,1.0,1.0,1.0,1.0
2020-01-07 19:20:00+01:00,1574153079.0,0.0,2057.0033333333336,12358016.088888887,936.84,2686958.1244999995,76.0,0.0,76.52666666666667,0.001955555555555333,0.0,0.0,1400.0,0.0,0.0,0.0,1.7433333333333334,0.00245555555555556,21.703333333333333,0.005655555555555521,0.0,0.0,77.53783333333331,1.388888888862678e-07,102.802,0.0,69.66800000000002,0.0066359999999996274,69.50099999999999,0.04194899999999876,69.15799999999999,0.31437600000000404,0.0,0.0,554520.4,1566.2400000000002,81253723.2,113148738.56,0.0,0.0,98705496.0,0.0,83.8,0.0,11.228333333333332,380.91901388888886,10.505,347.36112499999996,64.26666666666667,0.19555555555555557,3840.5,0.25,16383996.0,0.0,16383996.0,0.0,1.0,1.0,1.0,1.0,15.933333333333334,0.06222222222222224,40.2,0.16000000000000006,48.0,0.0,53.0,0.0,12.250700000000004,0.00018144000000001374,3.1553,0.0,47.53333333333333,0.24888888888888897,-51.0,0.0,-49.266666666666666,0.1955555555555555,49.8,0.16000000000000006,42.0,0.0,35.93333333333333,0.06222222222222226,0.0,0.0,-25.0,0.0,20.6,0.7733333333333335,585.2,600.16,44.13333333333333,0.11555555555555559,20.4,0.64,574.2,680.8266666666666,45.0,0.0,42.0,0.0,39.733333333333334,0.1955555555555555,56.4,0.23999999999999996,24486.933333333334,20317.795555555556,24493.466666666667,9561.315555555555,24526.133333333335,17244.515555555554,24565.333333333332,20061.688888888883,24591.466666666667,13402.915555555555,24624.133333333335,18525.04888888889,1.0,1.0,1.0,1.0,1.0,1.0
2020-01-07 19:25:00+01:00,1574153079.0,0.0,4560.062333333333,13945974.789451225,4871.301333333332,27086384.39780489,76.0,0.0,76.44,0.002399999999999727,0.0,0.0,1400.0,0.0,0.0,0.0,1.7733333333333334,0.014622222222222222,21.776666666666667,0.012455555555555367,0.0,0.0,77.53756666666666,2.455555555509214e-07,102.802,0.0,69.65266666666666,0.007699555555555898,69.615,0.08222500000000037,69.79466666666667,0.6941115555555588,0.0,0.0,554558.9333333333,61.795555555555545,81257205.6,63373461.973333344,0.0,0.0,98705496.0,0.0,83.8,0.0,30.601,503.9787889999999,30.998333333333335,511.94404055555555,64.7,0.21000000000000002,3841.9333333333334,0.12888888888888894,16383996.0,0.0,16383996.0,0.0,1.0,1.0,1.0,1.0,15.666666666666666,0.22222222222222218,40.0,0.0,48.0,0.0,52.46666666666667,0.2488888888888889,12.254300000000006,2.8398992587956425e-29,3.1553,0.0,47.06666666666667,0.06222222222222226,-51.0,0.0,-49.666666666666664,0.22222222222222224,49.4,0.23999999999999996,41.86666666666667,0.11555555555555559,35.733333333333334,0.1955555555555555,0.0,0.0,-25.866666666666667,1.448888888888889,20.466666666666665,1.182222222222222,580.0666666666667,1040.0622222222219,44.0,0.0,20.133333333333333,0.7822222222222223,571.2666666666667,830.328888888889,45.0,0.0,42.0,0.0,39.666666666666664,0.2222222222222223,56.06666666666667,0.06222222222222226,24434.666666666668,16220.08888888889,24506.533333333333,21086.115555555552,24500.0,39696.53333333333,24552.266666666666,11354.062222222221,24493.466666666667,24927.715555555555,24656.8,13829.760000000002,1.0,1.0,1.0,1.0,1.0,1.0
2020-01-07 19:30:00+01:00,1574153079.0,0.0,3149.5,19613485.682,1523.0883333333331,4794538.567347221,76.0,0.0,76.5,0.0,0.0,0.0,1400.0,0.0,0.0,0.0,1.66,0.0023999999999999937,21.84,0.002399999999999898,0.0,0.0,77.53800000000001,2.0194839173657902e-28,102.802,0.0,69.67033333333332,0.0019098888888889336,69.62500000000001,0.01488500000000026,69.338,0.17999599999999924,0.0,0.0,554570.2666666667,360.19555555555553,81259429.86666666,16105723.44888889,0.0,0.0,98705496.0,0.0,83.8,0.0,12.196666666666669,81.4733888888889,11.721666666666668,98.19834722222224,64.11666666666666,0.10305555555555554,3841.5,0.75,16383996.0,0.0,16383996.0,0.0,1.0,1.0,1.0,1.0,15.8,0.16,40.0,0.0,48.0,0.0,52.93333333333333,0.06222222222222223,12.254300000000006,2.8398992587956425e-29,3.1553,0.0,47.13333333333333,0.11555555555555558,-51.0,0.0,-49.333333333333336,0.2222222222222223,49.93333333333333,0.06222222222222223,41.86666666666667,0.11555555555555559,35.8,0.16,0.0,0.0,-25.266666666666666,0.5955555555555556,20.666666666666668,1.4222222222222223,579.3333333333334,898.0888888888887,44.0,0.0,19.933333333333334,0.7288888888888889,569.8,713.0933333333332,45.0,0.0,42.0,0.0,39.53333333333333,0.2488888888888889,56.13333333333333,0.11555555555555558,24441.2,15110.29333333333,24565.333333333332,16220.088888888888,24526.133333333335,23647.182222222225,24506.533333333333,19805.582222222223,24519.6,19464.106666666667,24611.066666666666,22878.862222222222,1.0,1.0,1.0,1.0,1.0,1.0
2020-01-07 19:35:00+01:00,1574153079.0,0.0,5199.7135,26588335.789352752,7035.540166666666,66282652.927588314,76.0,0.0,76.54,0.008399999999999536,0.0,0.0,1400.0,0.0,0.0,0.0,1.83,0.15943333333333332,21.623333333333335,0.217788888888889,0.0,0.0,77.538,0.0,102.80199999999999,2.0194839173657902e-28,69.66033333333333,0.0024832222222223844,69.63266666666667,0.0254328888888892,69.587,0.5949809999999988,0.0,0.0,554652.4,23.84,81260145.33333333,17196565.68888889,0.0,0.0,98705496.0,0.0,83.8,0.0,22.775,104.87775500000001,21.054166666666667,130.87006763888894,64.55,0.2475,3841.983333333333,0.016388888888888887,16383996.0,0.0,16383996.0,0.0,1.0,1.0,1.0,1.0,15.333333333333334,0.22222222222222218,40.06666666666667,0.06222222222222223,48.0,0.0,52.266666666666666,0.19555555555555554,12.250700000000005,0.00018144000000001369,3.1553,0.0,47.0,0.0,-51.0,0.0,-49.8,0.16,48.86666666666667,0.3822222222222223,41.2,0.16,35.46666666666667,0.2488888888888889,0.0,0.0,-25.8,1.3599999999999999,20.133333333333333,0.3822222222222223,574.9333333333333,572.1955555555555,44.0,0.0,20.0,0.8,565.4,738.9066666666665,45.0,0.0,42.0,0.0,39.2,0.16,55.8,0.16000000000000006,24447.733333333334,28000.99555555556,24624.133333333335,27488.782222222224,24558.8,17671.359999999997,24611.066666666666,31842.595555555552,24545.733333333334,17756.72888888889,24558.8,18951.893333333333,1.0,1.0,1.0,1.0,1.0,1.0
2020-01-07 19:40:00+01:00,1574153079.0,0.0,4576.37,14130389.3661,1500.056,870272.742864,76.0,0.0,76.56,0.006399999999999273,0.0,0.0,1400.0,0.0,0.0,0.0,1.84,0.06039999999999995,21.6,0.06999999999999985,0.0,0.0,77.53743333333334,2.4555555555092146e-07,102.802,0.0,69.71,0.004600000000000216,69.75600000000001,0.04398399999999973,69.756,0.742023999999995,0.0,0.0,554693.2,691.36,81255608.0,106697075.2,0.0,0.0,98705496.0,0.0,83.8,0.0,25.683000000000003,9.119901,16.188,14.676815999999999,63.5,0.25,3841.733333333333,1.7288888888888891,16383996.0,0.0,16383996.0,0.0,1.0,1.0,1.0,1.0,16.0,0.0,41.0,0.0,48.53333333333333,0.24888888888888897,53.0,0.0,12.254300000000006,2.8398992587956425e-29,3.1553,0.0,47.93333333333333,0.06222222222222226,-50.46666666666667,0.24888888888888897,-49.0,0.0,49.93333333333333,0.06222222222222223,42.0,0.0,36.0,0.0,0.0,0.0,-24.666666666666668,0.7555555555555556,20.866666666666667,1.048888888888889,591.8,858.2933333333332,44.0,0.0,20.333333333333332,0.6222222222222221,578.6,658.2399999999999,45.0,0.0,42.6,0.23999999999999996,40.0,0.0,56.93333333333333,0.06222222222222226,24421.6,11780.906666666666,24532.666666666668,23903.28888888889,24500.0,17927.466666666667,24650.266666666666,16476.195555555558,24539.2,27915.626666666667,24526.133333333335,12122.382222222222,1.0,1.0,1.0,1.0,1.0,1.0
2020-01-07 19:45:00+01:00,1574153079.0,0.0,10943.450666666668,133791162.8465629,5827.924333333333,47980981.66690455,76.0,0.0,76.53666666666666,0.005655555555554912,0.0,0.0,1400.0,0.0,0.0,0.0,1.7433333333333334,0.03578888888888888,21.72,0.05359999999999988,0.0,0.0,77.53736666666667,2.3222222221783976e-07,102.802,0.0,69.70933333333335,0.0018795555555556542,69.70000000000002,0.01743999999999973,69.51833333333333,0.40040055555555637,0.0,0.0,554758.5333333333,22.915555555555553,81260825.6,18826634.240000002,0.0,0.0,98705496.0,0.0,83.8,0.0,25.18616666666667,305.45063030555553,18.085833333333333,33.979624305555554,64.11666666666666,0.7030555555555557,3841.75,2.1875,16383996.0,0.0,16383996.0,0.0,1.0,1.0,1.0,1.0,16.733333333333334,0.1955555555555555,41.0,0.0,49.0,0.0,53.4,0.23999999999999996,12.254300000000006,2.8398992587956425e-29,3.1553,0.0,48.0,0.0,-50.0,0.0,-48.93333333333333,0.06222222222222223,50.4,0.7733333333333335,42.0,0.0,36.8,0.16000000000000006,0.0,0.0,-24.733333333333334,1.7955555555555553,20.666666666666668,1.0222222222222221,583.7333333333333,668.9955555555555,45.0,0.0,20.266666666666666,0.5955555555555557,577.1333333333333,481.84888888888884,45.0,0.0,43.0,0.0,40.0,0.0,56.733333333333334,0.1955555555555555,24434.666666666668,14939.55555555556,24584.933333333334,24159.395555555555,24513.066666666666,22878.862222222222,24637.2,33037.759999999995,24571.866666666665,19805.582222222223,24604.533333333333,21086.115555555552,1.0,1.0,1.0,1.0,1.0,1.0
2020-01-07 19:50:00+01:00,1574153079.0,0.0,5858.879666666667,65309083.57479655,3530.8323333333333,2074225.897017889,76.0,0.0,76.65333333333334,0.02648888888888962,0.0,0.0,1400.0,0.0,0.0,0.0,2.1466666666666665,0.4138222222222223,21.23,0.6581000000000011,0.0,0.0,77.53783333333335,1.3888888888626776e-07,102.802,0.0,69.53200000000001,0.011656000000000387,69.27199999999999,0.05931600000000002,68.884,0.22308400000000186,0.0,0.0,554784.0,688.0,81251590.4,154814423.04000002,0.0,0.0,98705496.0,0.0,83.8,0.0,16.07933333333333,165.21647288888892,14.345333333333334,34.17425155555555,64.1,0.6233333333333333,3840.2,0.36,16383996.0,0.0,16383996.0,0.0,1.0,1.0,1.0,1.0,16.866666666666667,0.11555555555555558,41.0,0.0,49.0,0.0,53.86666666666667,0.11555555555555558,12.254300000000006,2.8398992587956425e-29,3.1553,0.0,48.266666666666666,0.1955555555555555,-50.0,0.0,-48.2,0.16000000000000006,50.86666666666667,0.11555555555555558,42.0,0.0,36.93333333333333,0.06222222222222226,0.0,0.0,-24.6,1.1733333333333333,20.533333333333335,0.7822222222222223,577.1333333333333,820.6488888888888,45.0,0.0,20.066666666666666,0.8622222222222221,563.2,648.56,45.0,0.0,43.0,0.0,40.0,0.0,57.06666666666667,0.06222222222222226,24421.6,10500.373333333331,24539.2,17671.359999999993,24486.933333333334,21598.328888888886,24571.866666666665,14683.448888888886,24526.133333333335,26208.24888888889,24584.933333333334,26720.46222222222,1.0,1.0,1.0,1.0,1.0,1.0
2020-01-07 19:55:00+01:00,1574153079.0,0.0,2614.046333333333,3702592.2241898896,9158.004666666668,172290975.50428486,76.0,0.0,76.54333333333334,0.0064555555555554965,0.0,0.0,1400.0,0.0,0.0,0.0,1.835,0.07327500000000003,21.686666666666667,0.11648888888888917,0.0,0.0,77.53700000000002,2.0194839173657902e-28,102.80199999999999,2.0194839173657902e-28,69.38566666666667,0.0007512222222221573,69.11966666666667,0.010823222222222286,69.13033333333333,0.18212988888888873,0.0,0.0,554882.8,3116.96,81260064.53333333,399863.1822222222,0.0,0.0,98705496.0,0.0,83.8,0.0,25.47266666666667,605.6874195555556,26.423,845.0762876666666,63.733333333333334,0.1955555555555555,3841.4333333333334,0.8122222222222223,16383996.0,0.0,16383996.0,0.0,1.0,1.0,1.0,1.0,16.933333333333334,0.06222222222222224,41.06666666666667,0.06222222222222223,49.0,0.0,53.733333333333334,0.1955555555555555,12.254300000000006,2.8398992587956425e-29,3.1553,0.0,48.4,0.23999999999999996,-50.0,0.0,-48.13333333333333,0.11555555555555559,50.8,0.16000000000000006,42.06666666666667,0.06222222222222223,36.93333333333333,0.06222222222222226,0.0,0.0,-23.533333333333335,0.5155555555555557,20.466666666666665,0.5155555555555557,591.0666666666667,685.1288888888889,45.0,0.0,20.266666666666666,0.46222222222222237,582.2666666666667,717.3955555555556,45.0,0.0,43.0,0.0,40.46666666666667,0.2488888888888889,57.333333333333336,0.22222222222222224,24486.933333333334,28000.99555555556,24513.066666666666,22878.86222222222,24565.333333333332,26464.355555555554,24532.666666666668,18781.155555555557,24604.533333333333,21086.115555555556,24571.866666666665,22366.648888888893,1.0,1.0,1.0,1.0,1.0,1.0
2020-01-07 20:00:00+01:00,1574153079.0,0.0,4244.313166666667,21161865.16581164,2632.8768333333333,7740486.61068164,76.0,0.0,76.575,0.015874999999999972,0.0,0.0,1400.0,0.0,0.0,0.0,2.1283333333333334,0.32736388888888884,21.265,0.4082749999999998,0.0,0.0,77.53796666666666,3.222222222161412e-08,102.802,0.0,69.32,0.003379999999999886,69.14866666666666,0.033281555555556605,69.40233333333333,0.6435445555555579,0.0,0.0,554997.5333333333,714.1822222222223,81260169.6,25420528.64,0.0,0.0,98705496.0,0.0,83.8,0.0,23.227833333333333,640.2112203055556,23.924500000000002,696.6409747499999,64.25,0.1875,3841.5,2.25,16383996.0,0.0,16383996.0,0.0,1.0,1.0,1.0,1.0,16.866666666666667,0.11555555555555558,41.4,0.23999999999999996,49.4,0.23999999999999996,53.8,0.16,12.250700000000004,0.00018144000000001374,3.1553,0.0,48.8,0.16,-50.0,0.0,-48.06666666666667,0.06222222222222223,50.733333333333334,0.19555555555555554,42.13333333333333,0.11555555555555559,36.86666666666667,0.11555555555555558,0.0,0.0,-24.466666666666665,1.7155555555555555,20.266666666666666,0.8622222222222223,576.4,997.04,45.0,0.0,20.0,0.6666666666666666,569.0666666666667,491.52888888888884,45.06666666666667,0.06222222222222226,43.4,0.23999999999999996,40.86666666666667,0.11555555555555558,57.733333333333334,0.19555555555555554,24421.6,10500.373333333331,24539.2,18951.893333333326,24513.066666666666,19037.26222222222,24611.066666666666,26720.462222222217,24571.866666666665,24927.715555555555,24630.666666666668,27744.888888888887,1.0,1.0,1.0,1.0,1.0,1.0
2020-01-07 20:05:00+01:00,1574153079.0,0.0,3574.505833333334,2260512.5685343063,7160.1968333333325,29037073.791651636,76.0,0.0,76.54166666666667,0.0024305555555552798,0.0,0.0,1400.0,0.0,0.0,0.0,1.715,0.003941666666666667,21.773333333333333,0.013622222222221992,0.0,0.0,77.53723333333333,1.7888888888551294e-07,102.802,0.0,69.44066666666667,0.0007995555555554452,69.55133333333333,0.013158222222222354,69.74966666666664,0.7588165555555595,0.0,0.0,555080.2666666667,2.062222222222222,81261790.13333334,648943.7155555557,0.0,0.0,98705496.0,0.0,83.8,0.0,48.3515,637.7501427500001,47.376,637.3117639999999,64.28333333333333,0.20305555555555557,3840.95,1.9475000000000005,16383996.0,0.0,16383996.0,0.0,1.0,1.0,1.0,1.0,16.066666666666666,0.3288888888888889,40.8,0.16,49.0,0.0,53.733333333333334,0.19555555555555554,12.243500000000004,0.0008553600000000189,3.1553,0.0,48.0,0.0,-50.2,0.16,-48.8,0.16000000000000006,50.266666666666666,0.1955555555555555,42.0,0.0,36.06666666666667,0.3288888888888889,0.0,0.0,-24.133333333333333,0.11555555555555558,20.666666666666668,0.6222222222222221,585.9333333333333,507.6622222222223,45.0,0.0,20.4,0.64,578.6,609.84,45.0,0.0,43.0,0.0,40.0,0.0,57.0,0.0,24454.266666666666,13915.128888888888,24539.2,13829.760000000002,24519.6,14341.973333333333,24598.0,23049.6,24565.333333333332,25183.822222222218,24552.266666666666,24159.395555555555,1.0,1.0,1.0,1.0,1.0,1.0
2020-01-07 20:10:00+01:00,1574153079.0,0.0,7520.782166666666,10063772.467876969,5877.884999999999,4751945.287741667,76.0,0.0,76.505,0.010808333333332667,0.0,0.0,1400.0,0.0,0.0,0.0,1.8966666666666667,0.14165555555555556,21.598333333333333,0.2031638888888886,0.0,0.0,77.53700000000003,8.077935669463161e-28,102.802,0.0,69.1795,0.010908083333334222,68.84333333333332,0.05797222222222164,68.21916666666668,0.2612009722222238,0.0,0.0,555113.4,837.2400000000001,81252588.13333334,104455597.84888887,0.0,0.0,98705496.0,0.0,83.8,0.0,45.992333333333335,435.3461978888889,46.044999999999995,399.0747416666665,64.26666666666667,0.19555555555555554,3839.8,0.32666666666666666,16383996.0,0.0,16383996.0,0.0,1.0,1.0,1.0,1.0,15.333333333333334,0.22222222222222218,40.0,0.0,48.13333333333333,0.11555555555555559,52.6,0.23999999999999996,12.254300000000006,2.8398992587956425e-29,3.1553,0.0,47.46666666666667,0.24888888888888897,-51.0,0.0,-49.666666666666664,0.2222222222222223,49.333333333333336,0.2222222222222223,42.0,0.0,35.266666666666666,0.1955555555555555,0.0,0.0,-25.866666666666667,1.1822222222222223,20.333333333333332,0.6222222222222221,584.4666666666667,820.6488888888888,45.0,0.0,20.2,0.5599999999999999,574.9333333333333,798.0622222222223,45.0,0.0,42.06666666666667,0.06222222222222226,39.53333333333333,0.2488888888888889,56.4,0.23999999999999996,24454.266666666666,8792.995555555557,24539.2,18951.893333333326,24598.0,32013.333333333332,24558.8,22793.493333333332,24617.6,25866.773333333334,24598.0,19208.0,1.0,1.0,1.0,1.0,1.0,1.0
2020-01-07 20:15:00+01:00,1574153079.0,0.0,1894.5941666666668,145058.79212763882,3878.186833333332,46549972.680788286,76.0,0.0,76.54833333333333,0.0024972222222219382,0.0,0.0,1400.0,0.0,0.0,0.0,1.6883333333333332,0.004697222222222219,21.763333333333332,0.005988888888888846,0.0,0.0,77.537,0.0,102.80200000000002,2.0194839173657902e-28,68.94916666666667,0.015190972222221471,68.51599999999999,0.054864000000000815,68.33866666666667,0.1963082222222237,0.0,0.0,555202.8,14.56,81259726.0,742444.0,0.0,0.0,98705496.0,0.0,83.8,0.0,13.098999999999998,54.613059,11.81966666666667,30.659126555555563,63.983333333333334,0.5497222222222223,3840.45,0.2475,16383996.0,0.0,16383996.0,0.0,1.0,1.0,1.0,1.0,15.4,0.23999999999999996,40.0,0.0,48.0,0.0,52.6,0.23999999999999996,12.254300000000006,2.8398992587956425e-29,3.1553,0.0,47.0,0.0,-51.0,0.0,-49.86666666666667,0.11555555555555558,49.2,0.16000000000000006,41.86666666666667,0.11555555555555558,35.53333333333333,0.24888888888888897,0.0,0.0,-25.066666666666666,0.06222222222222224,20.666666666666668,0.7555555555555554,579.3333333333334,720.6222222222221,44.13333333333333,0.11555555555555559,20.133333333333333,0.24888888888888897,566.8666666666667,546.3822222222221,45.0,0.0,42.0,0.0,39.06666666666667,0.06222222222222225,56.0,0.0,24408.533333333333,10841.848888888888,24519.6,22025.173333333332,24500.0,17927.466666666667,24598.0,34574.4,24565.333333333332,30305.955555555553,24676.4,32269.440000000006,1.0,1.0,1.0,1.0,1.0,1.0
2020-01-07 20:20:00+01:00,1574153079.0,0.0,7430.012000000001,23046717.89824933,7055.356333333333,94184930.97948655,76.0,0.0,76.43333333333334,0.16555555555555515,0.0,0.0,1400.0,0.0,0.0,0.0,1.98,0.11759999999999995,21.586666666666666,0.42715555555555523,0.0,0.0,77.53700000000003,8.077935669463161e-28,102.802,0.0,68.71266666666665,0.025289555555556682,68.34966666666665,0.3275932222222277,69.04933333333334,3.69231955555556,0.0,0.0,555268.0,25852.8,81252640.0,82519667.2,0.0,0.0,98705496.0,0.0,83.8,0.0,38.545500000000004,560.9586980833334,31.460333333333327,465.88968655555556,63.7,0.6433333333333334,3842.15,5.060833333333333,16383996.0,0.0,16383996.0,0.0,1.0,1.0,1.0,1.0,16.0,0.0,40.6,0.23999999999999996,48.0,0.0,52.8,0.16000000000000006,12.250700000000005,0.00018144000000001369,3.1553,0.0,47.46666666666667,0.2488888888888889,-51.0,0.0,-49.0,0.0,49.733333333333334,0.1955555555555555,42.0,0.0,36.0,0.0,0.0,0.0,-25.466666666666665,1.0488888888888885,20.533333333333335,0.9155555555555556,575.6666666666666,656.0888888888887,44.0,0.0,19.933333333333334,0.7288888888888888,566.8666666666667,707.7155555555555,45.0,0.0,42.0,0.0,40.0,0.0,56.06666666666667,0.06222222222222223,24447.733333333334,19037.262222222227,24545.733333333334,16476.19555555556,24532.666666666668,14939.555555555557,24500.0,12805.333333333334,24506.533333333333,12122.382222222222,24611.066666666666,28000.995555555553,1.0,1.0,1.0,1.0,1.0,1.0
2020-01-07 20:25:00+01:00,1574153079.0,0.0,3629.5456666666664,12781541.435907887,4350.2985,69028241.71776274,76.0,0.0,76.54833333333333,0.017830555555555884,0.0,0.0,1400.0,0.0,0.0,0.0,1.77,0.0021000000000000038,21.68166666666667,0.010830555555555434,0.0,0.0,77.537,0.0,102.802,0.0,69.16666666666667,0.0013522222222222447,69.61249999999998,0.03159208333333451,70.24766666666666,0.7545278888888911,0.0,0.0,556137.2666666667,6042.395555555557,81256328.13333334,989547.7155555557,0.0,0.0,98705496.0,0.0,83.8,0.0,30.5505,973.46017475,27.80566666666667,973.2857612222222,64.31666666666666,0.21638888888888885,3843.45,3.747500000000001,16383996.0,0.0,16383996.0,0.0,1.0,1.0,1.0,1.0,16.0,0.0,40.53333333333333,0.24888888888888897,48.0,0.0,53.0,0.0,12.2471,0.0003369600000000255,3.1553,0.0,48.0,0.0,-51.0,0.0,-49.0,0.0,50.0,0.0,42.0,0.0,36.0,0.0,0.0,0.0,-24.933333333333334,0.06222222222222224,20.4,0.6400000000000002,578.6,787.3066666666666,44.6,0.23999999999999996,20.333333333333332,0.6222222222222221,567.6,464.64,45.0,0.0,42.13333333333333,0.11555555555555559,40.0,0.0,57.0,0.0,24486.933333333334,15195.662222222227,24506.533333333333,21086.11555555556,24552.266666666666,26720.46222222222,24545.733333333334,17756.72888888889,24630.666666666668,48233.42222222222,24532.666666666668,18781.155555555553,1.0,1.0,1.0,1.0,1.0,1.0
2020-01-07 20:30:00+01:00,1574153079.0,0.0,3594.6381666666666,16624213.103088303,6118.252666666667,100564437.01142623,76.0,0.0,76.53,0.002099999999999761,0.0,0.0,1400.0,0.0,0.0,0.0,1.9016666666666666,0.06949722222222218,21.55666666666667,0.06478888888888884,0.0,0.0,77.537,0.0,102.802,0.0,68.8255,0.010954749999999886,68.54616666666666,0.06897363888888787,67.85283333333332,0.41846363888888743,0.0,0.0,556272.1333333333,6509.848888888889,81254411.6,32293681.973333333,0.0,0.0,98705496.0,0.0,83.8,0.0,18.325166666666664,394.6711749722222,20.304333333333332,534.1485345555554,64.0,0.5333333333333333,3840.616666666667,0.2363888888888889,16383996.0,0.0,16383996.0,0.0,1.0,1.0,1.0,1.0,15.4,0.23999999999999996,40.266666666666666,0.1955555555555555,48.0,0.0,52.4,0.23999999999999996,12.254300000000006,2.8398992587956425e-29,3.1553,0.0,47.46666666666667,0.24888888888888897,-51.0,0.0,-49.46666666666667,0.2488888888888889,49.333333333333336,0.2222222222222223,42.0,0.0,35.53333333333333,0.2488888888888889,0.0,0.0,-25.933333333333334,1.3955555555555554,20.4,0.9066666666666668,577.1333333333333,804.5155555555557,44.6,0.23999999999999996,19.866666666666667,0.7822222222222223,557.3333333333334,527.0222222222221,45.0,0.0,42.266666666666666,0.1955555555555555,39.6,0.23999999999999996,56.4,0.23999999999999996,24473.866666666665,21086.115555555552,24578.4,37391.57333333334,24578.4,22025.173333333332,24584.933333333334,43367.395555555566,24526.133333333335,24927.715555555555,24578.4,20744.639999999996,1.0,1.0,1.0,1.0,1.0,1.0
2020-01-07 20:35:00+01:00,1574153079.0,0.0,1082.394,27716.851083999998,412.1015,204838.62745275005,76.0,0.0,76.53,0.01409999999999985,0.0,0.0,1400.0,0.0,0.0,0.0,1.6983333333333333,0.005830555555555553,21.811666666666667,0.007030555555555494,0.0,0.0,77.53625,1.8750000000179055e-07,102.802,0.0,68.7745,0.002814750000000139,68.614,0.015443999999999423,68.62549999999999,0.2080447500000025,0.0,0.0,556393.6,183.03999999999996,81246337.2,106281576.16000001,0.0,0.0,98705496.0,0.0,83.8,0.0,6.996499999999999,4.313992749999999,3.7139999999999995,10.517184000000004,63.733333333333334,0.19555555555555557,3840.733333333333,0.19555555555555557,16383996.0,0.0,16383996.0,0.0,1.0,1.0,1.0,1.0,15.133333333333333,0.11555555555555559,40.0,0.0,48.0,0.0,52.46666666666667,0.24888888888888897,12.254300000000006,2.8398992587956425e-29,3.1553,0.0,47.0,0.0,-51.0,0.0,-50.0,0.0,49.06666666666667,0.06222222222222226,41.6,0.23999999999999996,35.2,0.16000000000000006,0.0,0.0,-25.0,0.0,20.666666666666668,0.8888888888888887,580.8,519.4933333333332,44.0,0.0,20.466666666666665,0.5155555555555557,580.8,826.0266666666665,45.0,0.0,42.0,0.0,39.0,0.0,56.0,0.0,24415.066666666666,13915.12888888889,24571.866666666665,31330.382222222233,24558.8,18951.893333333333,24565.333333333332,16220.088888888888,24513.066666666666,13915.128888888887,24519.6,22025.173333333332,1.0,1.0,1.0,1.0,1.0,1.0
2020-01-07 20:40:00+01:00,1574153079.0,0.0,5620.323833333332,16895260.139400303,6597.485500000002,31384158.74752142,76.0,0.0,76.54166666666667,0.0024305555555552798,0.0,0.0,1400.0,0.0,0.0,0.0,1.9983333333333333,0.10883055555555556,21.506666666666668,0.11362222222222229,0.0,0.0,77.53600000000002,2.0194839173657902e-28,102.802,0.0,68.70599999999999,0.021667333333332598,68.56883333333332,0.20022697222222227,68.50200000000001,1.6374959999999907,0.0,0.0,556424.8,1500.1599999999999,81250000.0,105302451.2,0.0,0.0,98705496.0,0.0,83.8,0.0,25.584666666666667,102.76069822222222,26.47916666666667,127.4070909722222,64.0,0.0,3840.516666666667,0.24972222222222223,16383996.0,0.0,16383996.0,0.0,1.0,1.0,1.0,1.0,14.933333333333334,0.06222222222222223,39.8,0.16000000000000006,47.46666666666667,0.24888888888888897,52.0,0.0,12.254300000000006,2.8398992587956425e-29,3.1553,0.0,47.0,0.0,-51.2,0.16000000000000006,-50.0,0.0,48.666666666666664,0.2222222222222223,41.13333333333333,0.11555555555555559,35.0,0.13333333333333333,0.0,0.0,-26.4,1.3066666666666669,20.2,0.5599999999999999,574.9333333333333,394.72888888888895,44.0,0.0,20.066666666666666,0.5955555555555554,566.1333333333333,643.1822222222222,45.0,0.0,42.0,0.0,39.0,0.0,55.666666666666664,0.2222222222222223,24441.2,18951.893333333333,24493.466666666667,19805.582222222223,24486.933333333334,11354.062222222223,24552.266666666666,15195.66222222222,24506.533333333333,19805.582222222227,24584.933333333334,19037.262222222223,1.0,1.0,1.0,1.0,1.0,1.0
2020-01-07 20:45:00+01:00,1574153079.0,0.0,2237.199,74768.38885899998,901.008,42128.31513599999,76.0,0.0,76.57,0.002099999999999761,0.0,0.0,1400.0,0.0,0.0,0.0,1.7816666666666667,0.0074972222222222185,21.608333333333334,0.005097222222222171,0.0,0.0,77.536,0.0,102.802,0.0,69.02449999999999,0.00466474999999966,69.34816666666669,0.012434972222221893,69.60216666666668,0.05634363888888988,0.0,0.0,556480.8,130.56,81252267.2,64331996.16,0.0,0.0,98705496.0,0.0,83.8,0.0,26.458,23.073676000000003,12.879000000000001,1.721419,64.41666666666667,0.24305555555555552,3840.4166666666665,0.24305555555555558,16383996.0,0.0,16383996.0,0.0,1.0,1.0,1.0,1.0,14.933333333333334,0.06222222222222223,39.46666666666667,0.24888888888888897,47.0,0.0,52.0,0.0,12.250700000000005,0.00018144000000001369,3.1553,0.0,47.0,0.0,-51.46666666666667,0.2488888888888889,-50.0,0.0,49.0,0.0,41.0,0.0,34.93333333333333,0.06222222222222225,0.0,0.0,-26.0,0.0,19.466666666666665,1.1822222222222223,550.7333333333333,1152.9955555555557,44.0,0.0,19.066666666666666,0.9955555555555554,539.0,887.3333333333334,45.0,0.0,41.6,0.23999999999999996,39.0,0.0,55.93333333333333,0.06222222222222223,24460.8,22793.49333333333,24578.4,30988.906666666666,24493.466666666667,14683.44888888889,24624.133333333335,31330.382222222226,24571.866666666665,14683.448888888886,24624.133333333335,18525.04888888889,1.0,1.0,1.0,1.0,1.0,1.0
2020-01-07 20:50:00+01:00,1574153079.0,0.0,5017.756666666667,19611651.18624222,6336.5255,29051368.300424747,76.0,0.0,76.57833333333333,0.052697222222223686,0.0,0.0,1400.0,0.0,0.0,0.0,2.04,0.18840000000000007,21.373333333333335,0.41662222222222284,0.0,0.0,77.53585,1.2750000000121758e-07,102.802,0.0,69.02016666666667,0.0028849722222222835,69.1255,0.030958083333332886,68.92233333333334,0.2894578888888889,0.0,0.0,556527.4,1594.0400000000002,81253376.66666667,54374592.62222222,0.0,0.0,98705496.0,0.0,83.8,0.0,22.951499999999996,271.82743608333334,22.1045,247.16067475000003,64.38333333333334,0.236388888888889,3840.65,0.2275,16383996.0,0.0,16383996.0,0.0,1.0,1.0,1.0,1.0,15.266666666666667,0.19555555555555557,39.93333333333333,0.06222222222222226,47.266666666666666,0.19555555555555554,51.8,0.16000000000000006,12.254300000000006,2.8398992587956425e-29,3.1553,0.0,46.86666666666667,0.11555555555555559,-51.06666666666667,0.06222222222222226,-50.0,0.0,48.733333333333334,0.1955555555555555,41.46666666666667,0.24888888888888897,35.2,0.16,0.0,0.0,-26.333333333333332,1.6888888888888889,21.933333333333334,0.5955555555555553,620.4,432.3733333333334,44.0,0.0,21.266666666666666,0.728888888888889,613.0666666666667,281.79555555555567,45.0,0.0,41.666666666666664,0.2222222222222223,39.0,0.0,55.6,0.23999999999999996,24434.666666666668,13659.022222222226,24565.333333333332,21342.222222222215,24519.6,18183.573333333334,24598.0,26891.2,24532.666666666668,27744.88888888889,24611.066666666666,22878.86222222222,1.0,1.0,1.0,1.0,1.0,1.0
2020-01-07 20:55:00+01:00,1574153079.0,0.0,7679.552833333332,5214536.514733637,5235.5988333333335,132100.3464369725,76.0,0.0,76.57,0.01110000000000006,0.0,0.0,1400.0,0.0,0.0,0.0,1.795,0.06647499999999999,21.635,0.1162750000000001,0.0,0.0,77.5361,9.900000000094542e-07,102.802,0.0,69.03866666666667,0.005071555555555912,69.07383333333334,0.05162030555555499,68.8325,0.5148987500000022,0.0,0.0,556578.0,120.8,81248882.53333333,90251151.98222223,0.0,0.0,98705496.0,0.0,83.8,0.0,38.970666666666666,465.073732888889,40.79266666666667,393.4316995555556,64.0,0.0,3842.2,3.96,16383996.0,0.0,16383996.0,0.0,1.0,1.0,1.0,1.0,15.866666666666667,0.11555555555555558,40.13333333333333,0.11555555555555558,48.0,0.0,52.93333333333333,0.06222222222222226,12.250700000000005,0.00018144000000001369,3.1553,0.0,47.6,0.23999999999999996,-51.0,0.0,-49.4,0.23999999999999996,50.06666666666667,0.19555555555555557,42.0,0.0,35.8,0.16,0.0,0.0,-25.133333333333333,0.2488888888888889,23.2,0.8266666666666665,652.6666666666666,688.3555555555554,44.06666666666667,0.06222222222222223,22.333333333333332,0.6222222222222221,636.5333333333333,546.3822222222221,45.0,0.0,42.0,0.0,39.6,0.23999999999999996,56.46666666666667,0.2488888888888889,24480.4,25866.773333333338,24552.266666666666,11354.062222222221,24591.466666666667,26208.24888888889,24604.533333333333,24927.71555555555,24545.733333333334,28000.99555555556,24611.066666666666,31842.595555555552,1.0,1.0,1.0,1.0,1.0,1.0
2020-01-07 21:00:00+01:00,1574153079.0,0.0,3464.219333333333,12310076.531699557,5920.916,83492620.23145068,76.0,0.0,76.63833333333334,0.01836388888888953,0.0,0.0,1400.0,0.0,0.0,0.0,1.9616666666666667,0.2083638888888889,21.413333333333334,0.33648888888888906,0.0,0.0,77.53606666666667,6.222222222281642e-08,102.802,0.0,68.93016666666666,0.004924972222222389,68.85183333333333,0.05330830555555611,69.08083333333333,0.25829097222221914,0.0,0.0,556583.7333333333,112.99555555555557,81257212.53333333,1969050.3822222224,0.0,0.0,98705496.0,0.0,83.8,0.0,14.804666666666666,90.09919822222223,14.958666666666664,147.9452515555555,64.73333333333333,0.19555555555555557,3844.0,0.0,16383996.0,0.0,16383996.0,0.0,1.0,1.0,1.0,1.0,15.8,0.16000000000000006,40.4,0.23999999999999996,48.266666666666666,0.19555555555555554,52.666666666666664,0.2222222222222223,12.250700000000005,0.00018144000000001369,3.1553,0.0,47.53333333333333,0.24888888888888897,-51.0,0.0,-49.333333333333336,0.2222222222222223,49.6,0.23999999999999996,42.0,0.0,35.8,0.16000000000000006,0.0,0.0,-25.333333333333332,1.6888888888888889,23.066666666666666,0.7288888888888886,653.4,416.2400000000001,45.0,0.0,22.466666666666665,0.9155555555555556,639.4666666666667,401.1822222222222,45.0,0.0,42.266666666666666,0.19555555555555554,39.666666666666664,0.2222222222222223,56.4,0.23999999999999996,24467.333333333332,16220.08888888889,24558.8,17671.36,24480.4,10500.373333333333,24552.266666666666,16476.195555555558,24526.133333333335,27488.782222222217,24611.066666666666,20317.795555555556,1.0,1.0,1.0,1.0,1.0,1.0
2020-01-07 21:05:00+01:00,1574153079.0,0.0,6066.786500000001,48717295.05554276,2423.925,7909345.464475,76.0,0.0,76.58,0.024599999999999077,0.0,0.0,1400.0,0.0,0.0,0.0,1.785,0.040275,21.595,0.05047500000000003,0.0,0.0,77.53600000000002,2.0194839173657902e-28,102.802,0.0,69.02149999999999,0.008466083333332784,69.11550000000001,0.0697747499999978,69.4135,1.0003927499999936,0.0,0.0,556673.2,91.36,81250739.6,76515401.44,0.0,0.0,98705496.0,0.0,83.8,0.0,19.3995,423.9801247500001,16.550000000000004,304.7499,64.31666666666666,0.21638888888888885,3840.883333333333,1.2363888888888892,16383996.0,0.0,16383996.0,0.0,1.0,1.0,1.0,1.0,16.0,0.0,40.53333333333333,0.24888888888888897,49.0,0.0,53.0,0.0,12.247100000000003,0.0003369600000000255,3.1553,0.0,48.0,0.0,-51.0,0.0,-49.0,0.0,49.93333333333333,0.06222222222222223,42.0,0.0,36.0,0.0,0.0,0.0,-25.266666666666666,1.6622222222222225,23.133333333333333,0.648888888888889,647.5333333333333,497.9822222222223,45.0,0.0,22.4,0.5066666666666667,636.5333333333333,465.7155555555555,45.0,0.0,42.93333333333333,0.06222222222222226,40.0,0.0,56.93333333333333,0.06222222222222223,24447.733333333334,12634.595555555557,24578.4,20744.639999999996,24506.533333333333,14683.44888888889,24584.933333333334,19037.26222222222,24604.533333333333,24927.71555555556,24617.6,37391.573333333334,1.0,1.0,1.0,1.0,1.0,1.0
2020-01-07 21:10:00+01:00,1574153079.0,0.0,4219.615000000001,20333598.635921676,6801.979499999999,80316325.21349475,76.0,0.0,76.525,0.002874999999999673,0.0,0.0,1400.0,0.0,0.0,0.0,1.75,0.008500000000000008,21.723333333333333,0.032455555555555474,0.0,0.0,77.53600000000002,2.0194839173657902e-28,102.80199999999999,2.0194839173657902e-28,69.31733333333334,0.002206222222222117,69.74966666666667,0.0146165555555554,70.23616666666666,0.3166536388888904,0.0,0.0,556686.2,840.7600000000001,81254393.2,937569.76,0.0,0.0,98705496.0,0.0,83.8,0.0,33.750499999999995,1033.8090380833335,31.091166666666666,1032.6395969722223,64.55,0.24750000000000005,3840.7166666666667,0.20305555555555557,16383996.0,0.0,16383996.0,0.0,1.0,1.0,1.0,1.0,15.8,0.16000000000000006,40.4,0.23999999999999996,48.266666666666666,0.1955555555555555,53.0,0.0,12.247100000000003,0.0003369600000000255,3.1553,0.0,48.0,0.0,-51.0,0.0,-49.06666666666667,0.06222222222222225,49.8,0.16000000000000006,42.0,0.0,35.8,0.16000000000000006,0.0,0.0,-25.266666666666666,0.32888888888888906,23.0,0.6666666666666666,652.6666666666666,462.48888888888894,45.0,0.0,22.533333333333335,0.5155555555555557,640.9333333333333,459.2622222222222,45.0,0.0,42.53333333333333,0.2488888888888889,39.93333333333333,0.06222222222222225,56.666666666666664,0.2222222222222223,24408.533333333333,9561.315555555557,24506.533333333333,21086.115555555556,24493.466666666667,8280.782222222222,24598.0,23049.6,24539.2,29196.159999999993,24650.266666666666,24159.39555555556,1.0,1.0,1.0,1.0,1.0,1.0
2020-01-07 21:15:00+01:00,1574153079.0,0.0,4350.556666666666,23580408.249688894,1464.49,2586675.125,76.0,0.0,76.58333333333333,0.01738888888888931,0.0,0.0,1400.0,0.0,0.0,0.0,1.9766666666666666,0.23578888888888888,21.44,0.3504000000000004,0.0,0.0,77.536,0.0,102.80199999999999,2.0194839173657902e-28,69.31466666666667,0.0010482222222221926,69.48583333333333,0.014227638888888618,69.501,0.388628999999997,0.0,0.0,556769.6,93.44,81248741.86666666,83646706.91555557,0.0,0.0,98705496.0,0.0,83.8,0.0,12.946666666666667,151.61208888888893,13.21,192.47219999999996,64.0,0.0,3841.95,8.6475,16383996.0,0.0,16383996.0,0.0,1.0,1.0,1.0,1.0,15.6,0.23999999999999996,40.06666666666667,0.06222222222222226,48.4,0.23999999999999996,52.8,0.16,12.250700000000004,0.0005702400000000161,3.1553,0.0,47.8,0.16,-51.0,0.0,-49.53333333333333,0.24888888888888897,49.53333333333333,0.2488888888888889,42.0,0.0,35.666666666666664,0.2222222222222223,0.0,0.0,-25.8,1.4933333333333334,22.933333333333334,0.7288888888888888,645.3333333333334,414.08888888888896,45.0,0.0,22.333333333333332,0.6222222222222221,635.0666666666667,394.728888888889,45.0,0.0,42.333333333333336,0.2222222222222223,39.666666666666664,0.22222222222222224,56.6,0.23999999999999996,24428.133333333335,12122.38222222222,24532.666666666668,14939.555555555557,24545.733333333334,21598.328888888893,24578.4,24586.239999999998,24493.466666666667,27488.78222222222,24624.133333333335,32610.91555555556,1.0,1.0,1.0,1.0,1.0,1.0
2020-01-07 21:20:00+01:00,1574153079.0,0.0,1890.8946666666668,293889.5728515556,5336.14,36235893.69528001,76.0,0.0,76.56,0.002399999999999727,0.0,0.0,1400.0,0.0,0.0,0.0,1.765,0.0022750000000000036,21.64,0.0023999999999998974,0.0,0.0,77.53600000000002,2.0194839173657902e-28,102.802,0.0,69.384,0.0019640000000003366,69.54666666666667,0.026842222222221098,69.60666666666667,0.5468955555555552,0.0,0.0,556836.0,8851.2,81252525.33333333,258796.08888888892,0.0,0.0,98705496.0,0.0,83.8,0.0,17.711333333333332,28.886544888888874,18.982,37.006629333333336,64.8,0.16000000000000003,3846.733333333333,3.662222222222222,16383996.0,0.0,16383996.0,0.0,1.0,1.0,1.0,1.0,15.933333333333334,0.06222222222222223,40.0,0.0,48.0,0.0,52.86666666666667,0.11555555555555559,12.254300000000006,2.8398992587956425e-29,3.1553,0.0,47.733333333333334,0.1955555555555555,-51.0,0.0,-49.13333333333333,0.11555555555555559,49.8,0.16000000000000006,42.0,0.0,35.93333333333333,0.06222222222222226,0.0,0.0,-25.066666666666666,0.06222222222222224,23.533333333333335,0.5155555555555557,661.4666666666667,352.7822222222223,45.0,0.0,22.866666666666667,0.3822222222222223,646.8,261.35999999999996,45.0,0.0,42.0,0.0,39.666666666666664,0.2222222222222223,56.13333333333333,0.11555555555555558,24493.466666666667,22366.648888888885,24558.8,34318.29333333333,24500.0,16646.933333333334,24558.8,26635.093333333334,24493.466666666667,23647.18222222222,24578.4,16903.039999999997,1.0,1.0,1.0,1.0,1.0,1.0
2020-01-07 21:25:00+01:00,1574153079.0,0.0,4597.133333333333,15863580.00222222,2310.1086666666665,1590559.6541448892,76.0,0.0,76.55,0.015833333333333095,0.0,0.0,1400.0,0.0,0.0,0.0,2.026666666666667,0.2619555555555554,21.43,0.38609999999999983,0.0,0.0,77.53600000000002,2.0194839173657902e-28,102.80199999999999,2.0194839173657902e-28,69.54583333333333,0.01211430555555617,69.89266666666667,0.07487622222222155,70.818,1.287739333333338,0.0,0.0,556998.9333333333,69.26222222222222,81248147.2,59540034.56000001,0.0,0.0,98705496.0,0.0,83.8,0.0,19.328666666666667,31.060024888888886,20.45866666666667,30.818318222222224,64.26666666666667,0.1955555555555555,3843.133333333333,4.3822222222222225,16383996.0,0.0,16383996.0,0.0,1.0,1.0,1.0,1.0,15.4,0.23999999999999996,40.0,0.0,48.06666666666667,0.06222222222222226,52.666666666666664,0.22222222222222224,12.247100000000003,0.000725760000000007,3.1553,0.0,47.733333333333334,0.19555555555555554,-51.0,0.0,-49.53333333333333,0.24888888888888897,49.4,0.64,42.0,0.0,35.4,0.23999999999999996,0.0,0.0,-26.0,1.7333333333333334,23.533333333333335,0.5155555555555557,657.8,358.15999999999997,45.0,0.0,22.666666666666668,0.6222222222222221,645.3333333333334,236.6222222222223,45.0,0.0,42.0,0.0,39.53333333333333,0.2488888888888889,56.53333333333333,0.38222222222222224,24447.733333333334,13915.128888888887,24552.266666666666,24159.395555555555,24539.2,17671.36,24611.066666666666,26720.462222222224,24552.266666666666,20317.795555555556,24578.4,22025.173333333336,1.0,1.0,1.0,1.0,1.0,1.0
2020-01-07 21:30:00+01:00,1574153079.0,0.0,1700.2706666666666,125005.16748622218,4552.861333333334,52857562.502718225,76.0,0.0,76.57,0.0020999999999997605,0.0,0.0,1400.0,0.0,0.0,0.0,1.7,0.0,21.73,0.0021000000000000597,0.0,0.0,77.5366,2.4000000000229194e-07,102.802,0.0,69.82066666666668,0.003446222222222008,70.35100000000001,0.038022333333332034,70.95266666666666,1.4934128888888858,0.0,0.0,557033.6,1693.44,81250057.6,7434.24,0.0,0.0,98705496.0,0.0,83.8,0.0,11.093999999999998,38.92229066666667,10.816000000000004,50.76350399999998,64.0,0.0,3840.0666666666666,0.06222222222222223,16383996.0,0.0,16383996.0,0.0,1.0,1.0,1.0,1.0,15.4,0.23999999999999996,40.0,0.0,48.0,0.0,52.733333333333334,0.1955555555555555,12.243500000000004,0.0008553600000000189,3.1553,0.0,47.266666666666666,0.1955555555555555,-51.0,0.0,-49.86666666666667,0.11555555555555559,49.333333333333336,0.2222222222222223,42.0,0.0,35.46666666666667,0.24888888888888897,0.0,0.0,-25.0,0.0,23.533333333333335,0.5155555555555557,664.4,238.77333333333328,45.0,0.0,22.933333333333334,0.4622222222222223,651.2,180.69333333333327,45.0,0.0,42.0,0.0,39.13333333333333,0.11555555555555559,56.0,0.0,24526.133333333335,12122.382222222222,24526.133333333335,30049.8488888889,24565.333333333332,17500.622222222217,24584.933333333334,35684.19555555556,24578.4,25866.77333333333,24532.666666666668,36708.62222222222,1.0,1.0,1.0,1.0,1.0,1.0
2020-01-07 21:35:00+01:00,1574153079.0,0.0,4591.9839999999995,15096076.707983999,5423.611333333333,47711782.71451823,76.0,0.0,76.58,0.0015999999999998184,0.0,0.0,1400.0,0.0,0.0,0.0,1.8533333333333333,0.18115555555555546,21.566666666666666,0.1888888888888885,0.0,0.0,77.53586666666668,1.1555555555665909e-07,102.80200000000002,2.0194839173657902e-28,69.71966666666665,0.009129888888888271,69.76666666666667,0.08898222222222257,69.41433333333333,1.0767178888888949,0.0,0.0,557097.3333333334,148.6222222222223,81240112.0,113166361.6,0.0,0.0,98705496.0,0.0,83.8,0.0,16.71933333333333,76.21229955555553,17.474666666666664,77.23733155555556,65.06666666666666,0.4622222222222222,3845.5333333333333,28.78222222222222,16383996.0,0.0,16383996.0,0.0,1.0,1.0,1.0,1.0,15.733333333333333,0.19555555555555557,40.0,0.0,48.0,0.0,52.733333333333334,0.1955555555555555,12.247100000000003,0.0003369600000000255,3.1553,0.0,47.2,0.16000000000000006,-51.0,0.0,-49.733333333333334,0.1955555555555555,49.4,0.23999999999999996,42.0,0.0,35.733333333333334,0.1955555555555555,0.0,0.0,-25.666666666666668,1.155555555555556,23.266666666666666,0.8622222222222223,655.6,416.23999999999995,45.0,0.0,22.6,1.0400000000000003,641.6666666666666,430.22222222222223,45.0,0.0,42.0,0.0,39.6,0.23999999999999996,56.0,0.0,24428.133333333335,21086.115555555552,24526.133333333335,13402.915555555559,24584.933333333334,20317.795555555556,24643.733333333334,11354.062222222221,24532.666666666668,11097.955555555556,24526.133333333335,12122.382222222222,1.0,1.0,1.0,1.0,1.0,1.0
2020-01-07 21:40:00+01:00,1574153079.0,0.0,1485.4279999999999,83.37537600000032,1407.8896666666665,5104223.879366555,76.0,0.0,76.45,0.010500000000000084,0.0,0.0,1400.0,0.0,0.0,0.0,1.76,0.008399999999999996,21.79,0.006899999999999961,0.0,0.0,77.535,0.0,102.802,0.0,69.63366666666666,0.0008832222222223076,69.56433333333334,0.006637888888888668,69.57833333333333,0.12737388888888862,0.0,0.0,557101.8666666667,481.84888888888895,81249395.33333333,608120.0888888888,0.0,0.0,98705496.0,0.0,83.8,0.0,6.2735,11.034992749999999,6.3235,16.29243275,65.0,0.0,3842.4,2.24,16383996.0,0.0,16383996.0,0.0,1.0,1.0,1.0,1.0,15.533333333333333,0.2488888888888888,40.0,0.0,48.0,0.0,53.0,0.0,12.254300000000006,2.8398992587956425e-29,3.1553,0.0,47.333333333333336,0.22222222222222224,-51.0,0.0,-49.666666666666664,0.2222222222222223,49.6,0.23999999999999996,42.0,0.0,35.46666666666667,0.24888888888888897,0.0,0.0,-25.0,0.0,23.333333333333332,0.8888888888888887,654.8666666666667,465.7155555555555,45.0,0.0,22.6,0.7733333333333335,639.4666666666667,433.448888888889,45.0,0.0,42.0,0.0,39.2,0.16,56.0,0.0,24402.0,7683.2,24526.133333333335,19805.582222222223,24571.866666666665,28769.31555555556,24571.866666666665,24927.71555555556,24584.933333333334,33123.12888888889,24578.4,18183.573333333334,1.0,1.0,1.0,1.0,1.0,1.0
2020-01-07 21:45:00+01:00,1574153079.0,0.0,4801.639333333333,14740421.02879289,4279.855333333333,26293691.399184886,76.0,0.0,76.59,0.006900000000000153,0.0,0.0,1400.0,0.0,0.0,0.0,2.0,0.2100000000000001,21.373333333333335,0.3286222222222223,0.0,0.0,77.53499999999998,2.0194839173657902e-28,102.80200000000002,2.0194839173657902e-28,69.59666666666668,0.008088888888888212,69.53766666666667,0.07825122222222071,69.66866666666668,0.90497155555556,0.0,0.0,557209.0666666667,47.92888888888889,81237584.0,101120819.2,0.0,0.0,98705496.0,0.0,83.8,0.0,21.037333333333336,213.42397955555555,20.684,274.96829066666663,64.73333333333333,0.19555555555555557,3843.6,4.773333333333333,16383996.0,0.0,16383996.0,0.0,1.0,1.0,1.0,1.0,15.2,0.16,40.0,0.0,48.0,0.0,52.4,0.23999999999999996,12.250700000000005,0.00018144000000001374,3.1553,0.0,47.0,0.0,-51.0,0.0,-50.0,0.0,48.86666666666667,0.11555555555555559,42.0,0.0,35.13333333333333,0.11555555555555558,0.0,0.0,-25.866666666666667,1.7155555555555557,23.2,0.56,653.4,432.3733333333333,45.0,0.0,22.466666666666665,0.5155555555555557,641.6666666666666,365.6888888888889,45.0,0.0,42.0,0.0,39.0,0.0,55.93333333333333,0.06222222222222226,24421.6,18183.57333333334,24526.133333333335,26208.248888888887,24532.666666666668,18781.155555555557,24591.466666666667,27488.782222222224,24532.666666666668,18781.155555555553,24676.4,16903.040000000005,1.0,1.0,1.0,1.0,1.0,1.0
2020-01-07 21:50:00+01:00,1574153079.0,0.0,1264.2086666666664,48948.49042488886,1838.1533333333334,81895.54215555558,76.0,0.0,76.65666666666667,0.19512222222222042,0.0,0.0,1400.0,0.0,0.0,0.0,1.9533333333333334,0.30848888888888887,21.39,0.28490000000000026,0.0,0.0,77.535,0.0,102.80200000000002,2.0194839173657902e-28,69.63699999999999,0.0019010000000000415,69.62533333333336,0.017531555555554933,69.31666666666666,0.255948888888889,0.0,0.0,557222.6666666666,447.28888888888883,81248836.26666667,3980235.6622222215,0.0,0.0,98705496.0,0.0,83.8,0.0,8.521333333333336,9.071064888888886,9.512666666666663,5.296246222222222,64.73333333333333,0.19555555555555554,3842.5333333333333,6.248888888888889,16383996.0,0.0,16383996.0,0.0,1.0,1.0,1.0,1.0,15.133333333333333,0.11555555555555559,40.0,0.0,48.0,0.0,52.6,0.23999999999999996,12.2399,0.000570240000000043,3.1553,0.0,47.0,0.0,-51.0,0.0,-50.0,0.0,49.0,0.0,42.0,0.0,35.2,0.16000000000000006,0.0,0.0,-25.466666666666665,0.2488888888888889,22.8,1.093333333333333,643.8666666666667,449.5822222222222,45.0,0.0,22.133333333333333,0.9155555555555556,632.1333333333333,514.1155555555556,45.0,0.0,42.0,0.0,39.0,0.0,56.0,0.0,24434.666666666668,13659.022222222224,24519.6,13061.44,24571.866666666665,22366.648888888896,24571.866666666665,30049.8488888889,24545.733333333334,12634.595555555556,24643.733333333334,26720.462222222217,1.0,1.0,1.0,1.0,1.0,1.0
2020-01-07 21:55:00+01:00,1574153079.0,0.0,4615.923999999999,13664784.686730664,7149.65,53295105.067253344,76.0,0.0,76.52333333333333,0.012455555555555312,0.0,0.0,1400.0,0.0,0.0,0.0,2.1333333333333333,0.3755555555555556,21.30666666666667,0.4592888888888879,0.0,0.0,77.53499999999998,2.0194839173657902e-28,102.80199999999999,2.0194839173657902e-28,69.44533333333332,0.0030848888888889187,69.13966666666667,0.024203222222221578,68.432,0.5769693333333318,0.0,0.0,557308.0,96.0,81238448.0,75048533.33333333,0.0,0.0,98705496.0,0.0,83.8,0.0,34.58733333333333,666.7830995555557,32.986,492.4247440000001,64.2,0.16,3842.133333333333,8.782222222222224,16383996.0,0.0,16383996.0,0.0,1.0,1.0,1.0,1.0,15.266666666666667,0.19555555555555557,40.0,0.0,48.0,0.0,52.06666666666667,0.06222222222222223,12.250700000000005,0.00018144000000001374,3.1553,0.0,47.0,0.0,-51.0,0.0,-50.0,0.0,48.733333333333334,0.1955555555555555,42.0,0.0,35.266666666666666,0.1955555555555555,0.0,0.0,-26.2,1.6266666666666665,23.4,0.5066666666666667,656.3333333333334,301.1555555555556,44.93333333333333,0.06222222222222226,22.533333333333335,0.3822222222222223,641.6666666666666,204.35555555555558,45.0,0.0,42.0,0.0,39.0,0.0,55.86666666666667,0.11555555555555559,24428.133333333335,21086.115555555552,24500.0,16646.933333333334,24539.2,18951.893333333333,24578.4,20744.64,24552.266666666666,19037.26222222222,24571.866666666665,40294.11555555557,1.0,1.0,1.0,1.0,1.0,1.0
2020-01-07 22:00:00+01:00,1574153079.0,0.0,2524.75,0.0,2024.48,0.0,76.0,0.0,76.57,0.02976666666666749,0.0,0.0,1400.0,0.0,0.0,0.0,1.7433333333333334,0.14545555555555553,21.713333333333335,0.16315555555555586,0.0,0.0,77.535,0.0,102.80200000000002,2.0194839173657902e-28,69.35066666666668,0.000812888888888898,69.12550000000002,0.01469474999999993,69.33533333333334,0.47958155555555426,0.0,0.0,557328.6,718.84,81245268.53333333,30400521.31555556,0.0,0.0,98705496.0,0.0,83.8,0.0,30.31,0.0,30.710000000000004,1.262177448353619e-29,63.55,0.2475,3840.5666666666666,0.8122222222222222,16383996.0,0.0,16383996.0,0.0,1.0,1.0,1.0,1.0,15.666666666666666,0.22222222222222218,40.0,0.0,48.0,0.0,53.0,0.0,12.254300000000006,2.8398992587956425e-29,3.1553,0.0,47.666666666666664,0.2222222222222223,-51.0,0.0,-49.46666666666667,0.2488888888888889,49.8,0.16,42.0,0.0,35.8,0.16,0.0,0.0,-25.066666666666666,0.06222222222222224,23.466666666666665,0.5155555555555557,656.3333333333334,446.3555555555556,45.0,0.0,22.466666666666665,0.3822222222222223,647.5333333333333,288.24888888888887,45.0,0.0,42.0,0.0,39.53333333333333,0.2488888888888889,56.266666666666666,0.1955555555555555,24447.733333333334,4951.395555555557,24519.6,13061.439999999999,24539.2,26635.093333333338,24545.733333333334,38245.26222222221,24506.533333333333,14683.44888888889,24604.533333333333,28769.315555555553,1.0,1.0,1.0,1.0,1.0,1.0
2020-01-07 22:05:00+01:00,1574153079.0,0.0,6424.757333333331,26370303.59380622,7158.362666666668,75963593.5748729,76.0,0.0,76.52333333333333,0.00378888888888867,0.0,0.0,1400.0,0.0,0.0,0.0,1.9766666666666666,0.11912222222222218,21.473333333333333,0.14595555555555587,0.0,0.0,77.53513333333333,1.1555555555665909e-07,102.80200000000002,2.0194839173657902e-28,69.29933333333334,0.0030995555555557433,69.15133333333334,0.029891555555555283,68.99566666666666,0.492804555555556,0.0,0.0,557418.6666666666,18.488888888888887,81242058.66666667,72901927.82222223,0.0,0.0,98705496.0,0.0,83.8,0.0,21.886,107.45225066666669,21.625999999999998,153.26605066666667,63.4,0.24,3844.0,8.0,16383996.0,0.0,16383996.0,0.0,1.0,1.0,1.0,1.0,14.933333333333334,0.06222222222222223,39.53333333333333,0.24888888888888897,47.53333333333333,0.2488888888888889,52.13333333333333,0.11555555555555559,12.250700000000005,0.00018144000000001369,3.1553,0.0,47.06666666666667,0.06222222222222226,-51.46666666666667,0.2488888888888889,-50.0,0.0,48.666666666666664,0.2222222222222223,41.8,0.16,34.86666666666667,0.11555555555555558,0.0,0.0,-26.466666666666665,1.1822222222222216,22.933333333333334,0.3288888888888889,644.6,367.84,44.93333333333333,0.06222222222222224,22.0,0.4,628.4666666666667,255.9822222222222,45.0,0.0,41.86666666666667,0.11555555555555558,39.0,0.0,55.666666666666664,0.2222222222222223,24473.866666666665,21086.11555555556,24532.666666666668,25183.822222222225,24519.6,18183.57333333333,24617.6,16903.04,24584.933333333334,35684.195555555554,24565.333333333332,16220.088888888888,1.0,1.0,1.0,1.0,1.0,1.0
2020-01-07 22:10:00+01:00,1574153079.0,0.0,2787.4876666666664,7583360.792694555,957.3063333333332,1064370.637833222,76.0,0.0,76.52833333333334,0.008363888888887937,0.0,0.0,1400.0,0.0,0.0,0.0,1.7466666666666666,0.011822222222222218,21.661666666666665,0.0056972222222221435,0.0,0.0,77.53548333333333,2.4972222222460704e-07,102.802,0.0,69.135,0.006234999999999746,68.81400000000002,0.022804000000001174,68.38816666666666,0.0387449722222236,0.0,0.0,557440.2666666667,2105.5288888888886,81243898.93333334,5159462.3288888885,0.0,0.0,98705496.0,0.0,83.8,0.0,19.74866666666667,3.1858182222222204,9.441666666666665,38.38716388888888,64.21666666666667,0.26972222222222225,3843.0,4.6,16383996.0,0.0,16383996.0,0.0,1.0,1.0,1.0,1.0,14.933333333333334,0.06222222222222223,39.333333333333336,0.2222222222222223,47.46666666666667,0.2488888888888889,52.0,0.0,12.254300000000006,2.8398992587956425e-29,3.1553,0.0,47.0,0.0,-51.53333333333333,0.24888888888888897,-50.0,0.0,48.93333333333333,0.06222222222222226,41.53333333333333,0.24888888888888897,34.93333333333333,0.06222222222222223,0.0,0.0,-25.866666666666667,0.11555555555555558,23.066666666666666,0.5955555555555554,651.2,309.75999999999993,44.0,0.0,22.466666666666665,0.2488888888888889,637.2666666666667,265.6622222222223,45.0,0.0,41.93333333333333,0.06222222222222226,39.0,0.0,56.0,0.0,24480.4,19464.106666666674,24519.6,16903.04,24591.466666666667,22366.648888888893,24571.866666666665,15963.982222222223,24604.533333333333,42855.18222222222,24591.466666666667,31330.382222222226,1.0,1.0,1.0,1.0,1.0,1.0
2020-01-07 22:15:00+01:00,1574153079.0,0.0,5054.096333333333,15712938.896739887,7154.350166666666,70277566.19303828,76.0,0.0,76.535,0.015941666666666236,0.0,0.0,1400.0,0.0,0.0,0.0,1.9766666666666666,0.14778888888888894,21.46,0.23273333333333382,0.0,0.0,77.53559999999997,2.400000000022919e-07,102.80200000000002,2.0194839173657902e-28,68.93766666666667,0.00397122222222256,68.60466666666669,0.019181555555555733,68.82399999999998,0.42338400000000465,0.0,0.0,557674.8666666667,250.7155555555555,81237043.73333333,51524210.06222221,0.0,0.0,98705496.0,0.0,83.8,0.0,23.5945,124.41377474999999,24.587500000000002,156.84239875000003,64.3,0.6433333333333333,3846.25,12.3875,16383996.0,0.0,16383996.0,0.0,1.0,1.0,1.0,1.0,15.0,0.0,39.6,0.23999999999999996,47.266666666666666,0.19555555555555554,51.93333333333333,0.06222222222222226,12.254300000000006,2.8398992587956425e-29,3.1553,0.0,47.0,0.0,-51.6,0.23999999999999996,-50.0,0.0,48.666666666666664,0.2222222222222223,41.46666666666667,0.2488888888888889,35.0,0.0,0.0,0.0,-26.533333333333335,1.3155555555555556,23.0,0.8,647.5333333333333,320.5155555555556,44.0,0.0,22.333333333333332,0.7555555555555554,636.5333333333333,320.5155555555556,45.0,0.0,42.0,0.0,39.0,0.0,55.53333333333333,0.24888888888888897,24441.2,8707.626666666667,24480.4,10500.373333333333,24467.333333333332,17500.62222222222,24545.733333333334,28000.99555555556,24493.466666666667,14683.448888888886,24519.6,24586.239999999998,1.0,1.0,1.0,1.0,1.0,1.0
2020-01-07 22:20:00+01:00,1574153079.0,0.0,2808.2745000000004,25151707.37533475,1812.5071666666668,13367477.40317364,76.0,0.0,76.58833333333334,0.0013638888888887338,0.0,0.0,1400.0,0.0,0.0,0.0,1.7983333333333333,0.05883055555555554,21.583333333333332,0.03938888888888879,0.0,0.0,77.53499999999998,2.0194839173657902e-28,102.80200000000002,2.0194839173657902e-28,68.82133333333334,0.00037488888888881925,68.55016666666667,0.001954972222222023,68.66466666666666,0.01711155555555574,0.0,0.0,557705.3333333334,753.4222222222223,81239848.66666667,47662554.222222224,0.0,0.0,98705496.0,0.0,83.8,0.0,15.060833333333333,830.1189409722222,15.098166666666666,892.6697883055555,64.28333333333333,0.20305555555555557,3842.2,6.56,16383996.0,0.0,16383996.0,0.0,1.0,1.0,1.0,1.0,15.266666666666667,0.19555555555555557,39.93333333333333,0.06222222222222224,48.0,0.0,52.4,0.23999999999999996,12.247100000000003,0.0003369600000000254,3.1553,0.0,47.0,0.0,-51.0,0.0,-50.0,0.0,49.0,0.0,41.93333333333333,0.06222222222222226,35.266666666666666,0.1955555555555555,0.0,0.0,-25.2,0.29333333333333333,23.4,0.6400000000000001,653.4,351.70666666666665,44.0,0.0,22.4,0.5066666666666667,639.4666666666667,368.91555555555556,45.0,0.0,42.0,0.0,39.0,0.0,56.0,0.0,24408.533333333333,4439.182222222222,24539.2,13829.760000000002,24513.066666666666,28000.995555555553,24571.866666666665,14683.448888888886,24611.066666666666,20317.79555555556,24591.466666666667,17244.515555555554,1.0,1.0,1.0,1.0,1.0,1.0
2020-01-07 22:25:00+01:00,1574153079.0,0.0,6785.2238333333335,52137272.54730697,6601.899833333334,39450063.2839083,76.0,0.0,76.53166666666667,0.002163888888888643,0.0,0.0,1400.0,0.0,0.0,0.0,1.8566666666666667,0.04378888888888889,21.611666666666668,0.03603055555555546,0.0,0.0,77.53448333333333,2.4972222221750943e-07,102.80199999999999,2.0194839173657902e-28,68.93133333333333,0.0065448888888886446,69.0345,0.05310474999999962,69.64816666666667,1.0527483055555549,0.0,0.0,557777.0,39.8,81243519.06666666,38728059.92888889,0.0,0.0,98705496.0,0.0,83.8,0.0,41.5065,1551.27742275,43.09016666666666,1668.0737516388888,64.76666666666667,0.4122222222222222,3841.0,0.0,16383996.0,0.0,16383996.0,0.0,1.0,1.0,1.0,1.0,15.6,0.23999999999999996,39.93333333333333,0.06222222222222226,47.733333333333334,0.1955555555555555,52.266666666666666,0.19555555555555554,12.254300000000006,2.8398992587956425e-29,3.1553,0.0,47.0,0.0,-51.06666666666667,0.06222222222222226,-49.8,0.16,49.0,0.5333333333333333,41.93333333333333,0.06222222222222226,35.53333333333333,0.24888888888888897,0.0,0.0,-25.933333333333334,1.7955555555555553,23.066666666666666,1.2622222222222224,650.4666666666667,610.9155555555556,44.06666666666667,0.06222222222222223,22.333333333333332,1.0222222222222224,638.0,564.6666666666666,45.0,0.0,42.0,0.0,39.2,0.16,55.733333333333334,0.1955555555555555,24434.666666666668,13659.022222222226,24552.266666666666,20317.79555555556,24513.066666666666,22878.86222222222,24539.2,13829.760000000002,24545.733333333334,20317.795555555556,24558.8,30476.693333333333,1.0,1.0,1.0,1.0,1.0,1.0
2020-01-07 22:30:00+01:00,1574153079.0,0.0,3549.48,18091092.787200008,1686.3275,4485481.07716875,76.0,0.0,76.61166666666666,0.007030555555555802,0.0,0.0,1400.0,0.0,0.0,0.0,1.8516666666666666,0.1741638888888889,21.506666666666668,0.1942888888888886,0.0,0.0,77.534,0.0,102.802,0.0,68.86816666666667,0.0006383055555555907,68.8135,0.005942749999999875,68.73516666666667,0.15987830555555801,0.0,0.0,557818.4,1517.44,81228219.2,352703208.96,0.0,0.0,98705496.0,0.0,83.8,0.0,13.385000000000002,135.27367499999997,13.090000000000002,185.81070000000003,64.88333333333334,0.4030555555555555,3842.1666666666665,5.772222222222222,16383996.0,0.0,16383996.0,0.0,1.0,1.0,1.0,1.0,16.0,0.0,40.333333333333336,0.22222222222222224,48.46666666666667,0.2488888888888889,53.0,0.0,12.254300000000006,2.8398992587956425e-29,3.1553,0.0,48.0,0.0,-51.0,0.0,-49.0,0.0,50.0,0.0,42.0,0.0,36.0,0.0,0.0,0.0,-25.133333333333333,0.38222222222222224,23.266666666666666,0.5955555555555557,656.3333333333334,333.4222222222223,45.0,0.0,22.6,0.37333333333333324,643.8666666666667,272.11555555555555,45.0,0.0,42.266666666666666,0.19555555555555554,40.0,0.0,56.8,0.16000000000000006,24447.733333333334,12634.595555555557,24493.466666666667,13402.915555555555,24480.4,18183.573333333334,24552.266666666666,20317.795555555556,24630.666666666668,36708.62222222221,24532.666666666668,20061.68888888889,1.0,1.0,1.0,1.0,1.0,1.0
2020-01-07 22:35:00+01:00,1574153079.0,0.0,3548.853833333333,15113421.49856697,5960.449833333331,28420382.603964962,76.0,0.0,76.83333333333333,0.09622222222222207,0.0,0.0,1400.0,0.0,0.0,0.0,2.1466666666666665,0.1924888888888889,21.038333333333334,0.358030555555556,0.0,0.0,77.53399999999999,2.0194839173657902e-28,102.80200000000002,2.0194839173657902e-28,68.84366666666668,0.0005998888888889059,68.78616666666666,0.0054336388888888846,68.80433333333333,0.05881455555555687,0.0,0.0,557877.8666666667,34.915555555555564,81243723.73333333,40448502.32888888,0.0,0.0,98705496.0,0.0,83.8,0.0,16.649333333333338,90.0362528888889,18.5,112.20718666666667,64.46666666666667,0.2488888888888889,3842.2166666666667,0.16972222222222225,16383996.0,0.0,16383996.0,0.0,1.0,1.0,1.0,1.0,16.0,0.13333333333333333,40.733333333333334,0.19555555555555554,48.93333333333333,0.06222222222222226,53.0,0.0,12.247100000000003,0.0003369600000000255,3.1553,0.0,48.0,0.0,-50.53333333333333,0.24888888888888897,-49.0,0.0,49.8,0.16000000000000006,42.0,0.0,36.0,0.13333333333333333,0.0,0.0,-25.0,0.9333333333333333,23.2,0.6933333333333334,650.4666666666667,352.7822222222223,45.0,0.0,22.533333333333335,0.648888888888889,642.4,271.04,45.0,0.0,43.0,0.0,40.0,0.0,56.666666666666664,0.2222222222222223,24369.333333333332,11097.955555555558,24467.333333333332,12378.488888888889,24506.533333333333,10841.848888888888,24630.666666666668,27744.888888888887,24493.466666666667,15963.982222222223,24584.933333333334,15195.66222222222,1.0,1.0,1.0,1.0,1.0,1.0
