timestamp,avg:boottime,var:boottime,avg:bytes_in,var:bytes_in,avg:bytes_out,var:bytes_out,avg:cpu_aidle,var:cpu_aidle,avg:cpu_idle,var:cpu_idle,avg:cpu_nice,var:cpu_nice,avg:cpu_speed,var:cpu_speed,avg:cpu_steal,var:cpu_steal,avg:cpu_system,var:cpu_system,avg:cpu_user,var:cpu_user,avg:cpu_wio,var:cpu_wio,avg:disk_free,var:disk_free,avg:disk_total,var:disk_total,avg:load_fifteen,var:load_fifteen,avg:load_five,var:load_five,avg:load_one,var:load_one,avg:mem_buffers,var:mem_buffers,avg:mem_cached,var:mem_cached,avg:mem_free,var:mem_free,avg:mem_shared,var:mem_shared,avg:mem_total,var:mem_total,avg:part_max_used,var:part_max_used,avg:pkts_in,var:pkts_in,avg:pkts_out,var:pkts_out,avg:proc_run,var:proc_run,avg:proc_total,var:proc_total,avg:swap_free,var:swap_free,avg:swap_total,var:swap_total,gexec_0,machine_type_0,os_name_0,os_release_0,avg:Agg_Therm_Mgn_1,var:Agg_Therm_Mgn_1,avg:BB_Inlet_Temp,var:BB_Inlet_Temp,avg:BB_Mem_VR_Temp,var:BB_Mem_VR_Temp,avg:BB_P1_VR_Temp,var:BB_P1_VR_Temp,avg:BB__12_0V,var:BB__12_0V,avg:BB__3_0V_VBAT,var:BB__3_0V_VBAT,avg:BMC_Temp,var:BMC_Temp,avg:DIMM_Thrm_Mrgn_1,var:DIMM_Thrm_Mrgn_1,avg:DIMM_Thrm_Mrgn_2,var:DIMM_Thrm_Mrgn_2,avg:Exit_Air_Temp,var:Exit_Air_Temp,avg:HSBP_PSOC_Temp,var:HSBP_PSOC_Temp,avg:HSBP_Temp,var:HSBP_Temp,avg:P1_Therm_Ctrl_%,var:P1_Therm_Ctrl_%,avg:P1_Therm_Margin,var:P1_Therm_Margin,avg:PS1_Curr_Out_%,var:PS1_Curr_Out_%,avg:PS1_Input_Power,var:PS1_Input_Power,avg:PS1_Temperature,var:PS1_Temperature,avg:PS2_Curr_Out_%,var:PS2_Curr_Out_%,avg:PS2_Input_Power,var:PS2_Input_Power,avg:PS2_Temperature,var:PS2_Temperature,avg:Riser_1_Temp,var:Riser_1_Temp,avg:Riser_2_Temp,var:Riser_2_Temp,avg:SSB_Temp,var:SSB_Temp,avg:System_Fan_1a,var:System_Fan_1a,avg:System_Fan_1b,var:System_Fan_1b,avg:System_Fan_2a,var:System_Fan_2a,avg:System_Fan_2b,var:System_Fan_2b,avg:System_Fan_3a,var:System_Fan_3a,avg:System_Fan_3b,var:System_Fan_3b,HDD_0_Status_0,MTT_CPU1_0,NM_Capabilities_0,P1_Status_0,PS1_Status_0,PS2_Status_0
2019-11-04 01:05:00+01:00,1561742669.0,0.0,147.42,293.7396000000001,53.74,58.566900000000075,73.3,0.0,100.0,0.0,0.0,0.0,1400.0,0.0,0.0,0.0,0.0,0.0,0.0,0.0,0.0,0.0,78.332,0.0,102.80199999999999,2.0194839173657902e-28,0.875,0.0015650000000000009,0.8716666666666667,0.014920555555555557,0.7636666666666667,0.10762988888888889,0.0,0.0,277190.4,13.44,90810518.4,583280.64,0.0,0.0,98705496.0,0.0,83.8,0.0,2.5650000000000004,0.08872499999999997,0.735,0.0005250000000000009,0.5333333333333333,0.2488888888888889,2918.0,0.0,16383996.0,0.0,16383996.0,0.0,1.0,1.0,1.0,1.0,12.0,0.0,36.0,0.0,41.0,0.0,43.0,0.0,12.283100000000001,0.0011145599999999565,3.1553,0.0,40.266666666666666,0.19555555555555554,-56.0,0.0,-55.0,0.0,40.0,0.0,40.0,0.0,32.0,0.0,0.0,0.0,-44.53333333333333,0.24888888888888897,0.0,0.0,11.0,0.0,44.0,0.0,24.266666666666666,0.32888888888888895,682.7333333333333,314.06222222222226,41.0,0.0,37.0,0.0,35.733333333333334,0.19555555555555554,46.06666666666667,0.06222222222222224,24500.0,12805.333333333334,24571.866666666665,22366.64888888889,24434.666666666668,9817.422222222223,24598.0,32013.333333333332,24460.8,13829.76,24552.266666666666,16476.195555555558,1.0,1.0,1.0,1.0,1.0,1.0
2019-11-04 01:10:00+01:00,1561742669.0,0.0,70.39299999999999,1855.9548209999998,17.061999999999998,429.7980960000001,73.3,0.0,99.94,0.008400000000000239,0.0,0.0,1400.0,0.0,0.0,0.0,0.03,0.0021000000000000003,0.03,0.0021000000000000003,0.0,0.0,78.33199999999998,2.0194839173657902e-28,102.802,0.0,0.7963333333333331,0.0013365555555555548,0.7053333333333334,0.01645155555555555,0.8086666666666665,0.40757155555555563,0.0,0.0,277204.4,635.04,90809604.8,75932.16,0.0,0.0,98705496.0,0.0,83.8,0.0,1.1799999999999997,0.6069000000000002,0.26,0.10290000000000003,0.43333333333333335,0.24555555555555547,2918.0,0.0,16383996.0,0.0,16383996.0,0.0,1.0,1.0,1.0,1.0,12.0,0.0,36.0,0.0,41.0,0.0,43.0,0.0,12.290300000000004,0.0014255999999999549,3.1553,0.0,40.0,0.0,-56.0,0.0,-55.0,0.0,40.06666666666667,0.06222222222222223,40.0,0.0,32.0,0.0,0.0,0.0,-44.46666666666667,0.38222222222222224,0.8,8.960000000000003,33.0,6776.0,44.0,0.0,23.733333333333334,11.928888888888887,674.6666666666666,4221.555555555557,41.0,0.0,37.0,0.0,35.06666666666667,0.06222222222222226,46.0,0.0,24428.133333333335,19805.582222222216,24558.8,29196.16,24441.2,20232.42666666667,24656.8,13829.760000000004,24460.8,25354.56,24617.6,24586.24,1.0,1.0,1.0,1.0,1.0,1.0
2019-11-04 01:15:00+01:00,1561742669.0,0.0,82.083,682.0506210000002,47.702,837.7289760000002,73.3,0.0,99.99666666666667,0.0006555555555555741,0.0,0.0,1400.0,0.0,0.0,0.0,0.0016666666666666668,0.00016388888888888893,0.0016666666666666668,0.00016388888888888893,0.0,0.0,78.332,0.0,102.80199999999999,2.0194839173657902e-28,0.8393333333333333,0.000239555555555556,0.8403333333333334,0.0013232222222222213,0.7936666666666666,0.01168322222222222,0.0,0.0,277282.4,13.44,90809208.8,6341.76,0.0,0.0,98705496.0,0.0,83.8,0.0,1.321,0.18162900000000004,0.575,0.118125,0.6333333333333333,0.23222222222222227,2917.7166666666667,0.20305555555555557,16383996.0,0.0,16383996.0,0.0,1.0,1.0,1.0,1.0,12.0,0.0,36.0,0.0,41.0,0.0,43.0,0.0,12.297500000000003,0.0012441599999999614,3.1553,0.0,40.0,0.0,-56.0,0.0,-55.0,0.0,40.13333333333333,0.11555555555555559,40.0,0.0,32.0,0.0,0.0,0.0,-44.8,0.16,0.0,0.0,11.0,0.0,44.0,0.0,24.333333333333332,0.6222222222222222,682.0,161.33333333333334,41.0,0.0,37.0,0.0,35.0,0.0,46.0,0.0,24500.0,19208.0,24519.6,14341.973333333333,24415.066666666666,8792.995555555559,24604.533333333333,17244.515555555558,24460.8,11268.693333333335,24552.266666666666,24159.39555555556,1.0,1.0,1.0,1.0,1.0,1.0
2019-11-04 01:20:00+01:00,1561742669.0,0.0,63.780999999999985,537.0382290000002,44.53,209.6976000000001,73.3,0.0,100.0,0.0,0.0,0.0,1400.0,0.0,0.0,0.0,0.0,0.0,0.0,0.0,0.0,0.0,78.33199999999998,2.0194839173657902e-28,102.80199999999999,2.0194839173657902e-28,0.8076666666666666,0.002524555555555555,0.7696666666666668,0.026569888888888893,0.8993333333333332,0.6277795555555554,0.0,0.0,277300.6,899.6400000000002,90808980.26666667,343591.39555555565,0.0,0.0,98705496.0,0.0,83.8,0.0,1.005,0.15172500000000005,0.555,0.025725000000000005,0.5333333333333333,0.2488888888888889,2916.6666666666665,2.755555555555556,16383996.0,0.0,16383996.0,0.0,1.0,1.0,1.0,1.0,12.0,0.0,35.666666666666664,0.22222222222222224,41.0,0.0,43.0,0.0,12.283100000000005,0.0007257599999999595,3.1553,0.0,40.0,0.0,-56.0,0.0,-55.0,0.0,40.0,0.0,40.0,0.0,32.0,0.0,0.0,0.0,-44.53333333333333,0.5155555555555555,0.0,0.0,11.0,0.0,44.0,0.0,24.666666666666668,2.3555555555555556,687.8666666666667,1627.3155555555556,41.0,0.0,37.0,0.0,35.0,0.0,46.0,0.0,24480.4,19464.10666666667,24598.0,23049.6,24428.133333333335,10841.84888888889,24624.133333333335,44135.71555555556,24467.333333333332,16220.08888888889,24656.8,21512.959999999995,1.0,1.0,1.0,1.0,1.0,1.0
2019-11-04 01:25:00+01:00,1561742669.0,0.0,40.937999999999995,25.225536,38.753,5.876661000000015,73.3,0.0,100.0,0.0,0.0,0.0,1400.0,0.0,0.0,0.0,0.0,0.0,0.0,0.0,0.0,0.0,78.33199999999998,2.0194839173657902e-28,102.80199999999999,2.0194839173657902e-28,0.8376666666666668,0.0008112222222222211,0.8483333333333333,0.00873388888888889,0.6796666666666666,0.07096322222222226,0.0,0.0,277376.73333333334,6.128888888888889,90808164.8,367055.36,0.0,0.0,98705496.0,0.0,83.8,0.0,0.645,0.004725000000000001,0.52,0.0021000000000000007,0.26666666666666666,0.1955555555555556,2918.0,0.0,16383996.0,0.0,16383996.0,0.0,1.0,1.0,1.0,1.0,12.0,0.0,35.06666666666667,0.06222222222222223,40.13333333333333,0.11555555555555559,43.0,0.0,12.275900000000005,0.0006998399999999609,3.1553,0.0,40.0,0.0,-56.0,0.0,-55.0,0.0,40.0,0.0,40.0,0.0,32.0,0.0,0.0,0.0,-44.8,0.16,0.0,0.0,11.0,0.0,44.0,0.0,24.333333333333332,0.48888888888888876,678.3333333333334,252.75555555555556,41.0,0.0,37.0,0.0,35.0,0.0,46.0,0.0,24454.266666666666,19037.262222222223,24558.8,21512.96,24421.6,2817.173333333333,24650.266666666666,28000.99555555556,24441.2,8707.626666666669,24591.466666666667,30049.848888888893,1.0,1.0,1.0,1.0,1.0,1.0
2019-11-04 01:30:00+01:00,1561742669.0,0.0,52.588,95.63307600000003,60.367,171.89174099999997,73.3,0.0,100.0,0.0,0.0,0.0,1400.0,0.0,0.0,0.0,0.0,0.0,0.0,0.0,0.0,0.0,78.332,0.0,102.80199999999999,2.0194839173657902e-28,0.8226666666666667,0.0016328888888888886,0.8393333333333334,0.014882888888888895,1.193,0.4209110000000001,0.0,0.0,277442.4666666667,6782.982222222223,90809991.86666666,942390.382222222,0.0,0.0,98705496.0,0.0,83.8,0.0,0.8240000000000001,0.021504000000000002,0.76,0.01889999999999999,0.43333333333333335,0.24555555555555553,2918.0,0.0,16383996.0,0.0,16383996.0,0.0,1.0,1.0,1.0,1.0,12.0,0.0,35.2,0.16,40.0,0.0,43.0,0.0,12.283100000000005,0.0007257599999999595,3.1553,0.0,40.0,0.0,-56.0,0.0,-55.0,0.0,40.0,0.0,40.0,0.0,32.0,0.0,0.0,0.0,-44.6,0.3733333333333333,0.0,0.0,11.0,0.0,44.0,0.0,24.266666666666666,2.195555555555556,682.7333333333333,1411.1288888888887,41.0,0.0,37.0,0.0,35.0,0.0,46.0,0.0,24467.333333333332,14939.555555555557,24539.2,17671.359999999993,24428.133333333335,9561.315555555557,24643.733333333334,26720.46222222222,24473.866666666665,21086.115555555556,24663.333333333332,34147.55555555556,1.0,1.0,1.0,1.0,1.0,1.0
2019-11-04 01:35:00+01:00,1561742669.0,0.0,41.26433333333333,145.60453455555557,62.841,17.29457900000002,73.3,0.0,100.0,0.0,0.0,0.0,1400.0,0.0,0.0,0.0,0.0,0.0,0.0,0.0,0.0,0.0,78.33199999999998,2.0194839173657902e-28,102.80199999999999,2.0194839173657902e-28,0.8930000000000001,2.1000000000000036e-05,0.9966666666666667,0.0008355555555555572,1.0103333333333333,0.02034988888888888,0.0,0.0,277601.6666666667,3.8888888888888893,90810195.33333333,15.555555555555557,0.0,0.0,98705496.0,0.0,83.8,0.0,0.6466666666666666,0.034622222222222214,0.7816666666666666,0.002163888888888888,0.4666666666666667,0.2488888888888889,2917.9166666666665,0.0763888888888889,16383996.0,0.0,16383996.0,0.0,1.0,1.0,1.0,1.0,12.0,0.0,35.06666666666667,0.06222222222222225,40.0,0.0,43.0,0.0,12.286700000000003,0.0006998399999999608,3.1553,0.0,40.0,0.0,-56.0,0.0,-55.0,0.0,40.0,0.0,40.0,0.0,32.0,0.0,0.0,0.0,-44.733333333333334,0.1955555555555555,0.0,0.0,11.0,0.0,44.0,0.0,23.8,0.56,672.4666666666667,272.11555555555555,41.0,0.0,37.0,0.0,35.0,0.0,46.0,0.0,24519.6,22025.173333333336,24552.266666666666,16476.19555555556,24415.066666666666,3670.862222222221,24604.533333333333,28769.315555555553,24486.933333333334,15195.662222222223,24571.866666666665,35171.982222222236,1.0,1.0,1.0,1.0,1.0,1.0
2019-11-04 01:40:00+01:00,1561742669.0,0.0,53.440666666666665,192.67820622222223,45.953833333333336,91.55952697222226,73.3,0.0,99.94333333333333,0.008122222222222454,0.0,0.0,1400.0,0.0,0.0,0.0,0.028333333333333332,0.0020305555555555554,0.028333333333333332,0.0020305555555555554,0.0,0.0,78.33199999999998,2.0194839173657902e-28,102.802,0.0,0.8573333333333333,0.00047955555555555647,0.837,0.004780999999999998,0.715,0.04380500000000001,0.0,0.0,277624.6,1114.0400000000002,90808793.73333333,1422991.128888889,0.0,0.0,98705496.0,0.0,83.8,0.0,0.8275000000000001,0.04381875,0.5586666666666666,0.01696488888888889,0.7333333333333333,0.19555555555555554,2916.766666666667,2.945555555555556,16383996.0,0.0,16383996.0,0.0,1.0,1.0,1.0,1.0,12.0,0.0,35.06666666666667,0.06222222222222226,40.0,0.0,43.0,0.0,12.279500000000004,0.0007257599999999594,3.1553,0.0,40.0,0.0,-56.0,0.0,-55.13333333333333,0.11555555555555558,40.0,0.0,40.0,0.0,32.0,0.0,0.0,0.0,-44.733333333333334,0.32888888888888895,0.0,0.0,11.0,0.0,44.0,0.0,24.666666666666668,2.488888888888889,687.8666666666667,1643.4488888888889,41.0,0.0,37.0,0.0,35.0,0.0,46.0,0.0,24460.8,8707.626666666669,24539.2,27915.626666666667,24402.0,3841.6,24689.466666666667,41574.64888888889,24447.733333333334,12634.595555555556,24591.466666666667,21086.11555555555,1.0,1.0,1.0,1.0,1.0,1.0
2019-11-04 01:45:00+01:00,1561742669.0,0.0,43.52433333333333,173.79394788888894,56.87866666666666,140.9276782222222,73.3,0.0,99.99666666666667,0.0006555555555555741,0.0,0.0,1400.0,0.0,0.0,0.0,0.0016666666666666668,0.00016388888888888893,0.0016666666666666668,0.00016388888888888893,0.0,0.0,78.332,0.0,102.80199999999999,2.0194839173657902e-28,0.8175,0.00018874999999999933,0.7601666666666667,0.0015849722222222224,0.7638333333333334,0.027120305555555564,0.0,0.0,277692.6666666667,5.955555555555556,90807374.66666667,276371.5555555555,0.0,0.0,98705496.0,0.0,83.8,0.0,0.6829999999999999,0.03817099999999999,0.6954999999999999,0.02356475000000001,0.25,0.1875,2918.25,0.1875,16383996.0,0.0,16383996.0,0.0,1.0,1.0,1.0,1.0,11.933333333333334,0.06222222222222224,35.06666666666667,0.06222222222222223,40.0,0.0,43.0,0.0,12.286700000000003,0.0006998399999999608,3.1553,0.0,40.0,0.0,-56.0,0.0,-55.333333333333336,0.2222222222222223,40.0,0.0,40.0,0.0,31.933333333333334,0.06222222222222224,0.0,0.0,-44.93333333333333,0.19555555555555557,0.0,0.0,10.266666666666667,7.528888888888887,44.0,0.0,24.333333333333332,0.4888888888888889,679.0666666666667,281.79555555555555,41.0,0.0,37.0,0.0,35.0,0.0,46.0,0.0,24500.0,12805.333333333334,24565.333333333332,34147.55555555556,24421.6,15622.506666666666,24565.333333333332,55916.62222222222,24454.266666666666,7512.462222222221,24539.2,13829.760000000002,1.0,1.0,1.0,1.0,1.0,1.0
2019-11-04 01:50:00+01:00,1561742669.0,0.0,39.36066666666666,10.724579555555573,41.76083333333334,249.41037430555537,73.3,0.0,100.0,0.0,0.0,0.0,1400.0,0.0,0.0,0.0,0.0,0.0,0.0,0.0,0.0,0.0,78.33199999999998,2.0194839173657902e-28,102.80200000000002,2.0194839173657902e-28,0.8725000000000002,0.0009487499999999998,0.9293333333333336,0.00816622222222222,1.083666666666667,0.17919988888888888,0.0,0.0,277706.4,669.44,90808165.86666666,10837.048888888889,0.0,0.0,98705496.0,0.0,83.8,0.0,0.6183333333333333,0.0021638888888888884,0.5403333333333332,0.03124655555555556,0.15,0.1275,2918.0,0.0,16383996.0,0.0,16383996.0,0.0,1.0,1.0,1.0,1.0,12.0,0.0,35.06666666666667,0.06222222222222226,40.0,0.0,43.0,0.0,12.286700000000003,0.0006998399999999609,3.1553,0.0,40.0,0.0,-56.0,0.0,-55.0,0.0,40.0,0.0,40.0,0.0,32.0,0.0,0.0,0.0,-44.6,0.3733333333333333,0.0,0.0,11.0,0.0,44.0,0.0,24.6,2.1066666666666665,686.4,690.5066666666665,41.0,0.0,37.0,0.0,35.0,0.0,46.0,0.0,24447.733333333334,4951.395555555556,24571.866666666665,36452.51555555556,24408.533333333333,10841.84888888889,24558.8,22793.49333333333,24441.2,7427.093333333333,24591.466666666667,21086.115555555556,1.0,1.0,1.0,1.0,1.0,1.0
2019-11-04 01:55:00+01:00,1561742669.0,0.0,38.897666666666666,3.3591345555555634,32.814,1.5081439999999964,73.3,0.0,100.0,0.0,0.0,0.0,1400.0,0.0,0.0,0.0,0.0,0.0,0.0,0.0,0.0,0.0,78.33199999999998,2.0194839173657902e-28,102.802,0.0,0.9669999999999999,2.1000000000000036e-05,1.1045,0.0012547499999999955,1.1138333333333335,0.017736972222222227,0.0,0.0,277792.0,0.0,90807708.0,14384.0,0.0,0.0,98705496.0,0.0,83.8,0.0,0.6158333333333333,0.0005409722222222233,0.4200000000000001,1.232595164407831e-32,0.38333333333333336,0.2363888888888889,2918.0,0.0,16383996.0,0.0,16383996.0,0.0,1.0,1.0,1.0,1.0,11.8,0.16,35.0,0.0,40.06666666666667,0.06222222222222226,43.0,0.0,12.279500000000004,0.0011145599999999572,3.1553,0.0,40.0,0.0,-56.0,0.0,-55.666666666666664,0.2222222222222223,40.0,0.0,40.0,0.0,31.866666666666667,0.11555555555555559,0.0,0.0,-44.93333333333333,0.1955555555555555,0.0,0.0,11.0,0.0,44.0,0.0,24.4,0.7733333333333335,682.7333333333333,394.72888888888883,41.0,0.0,36.46666666666667,0.24888888888888897,35.0,0.0,46.0,0.0,24349.733333333334,10073.52888888889,24486.933333333334,13915.128888888888,24382.4,15622.506666666673,24552.266666666666,22878.862222222226,24421.6,10500.373333333333,24552.266666666666,38245.26222222223,1.0,1.0,1.0,1.0,1.0,1.0
2019-11-04 02:00:00+01:00,1561742669.0,0.0,40.274,3.1907840000000056,58.30466666666667,281.687784888889,73.3,0.0,100.0,0.0,0.0,0.0,1400.0,0.0,0.0,0.0,0.0,0.0,0.0,0.0,0.0,0.0,78.332,0.0,102.80199999999999,2.0194839173657902e-28,1.0188333333333333,0.00561697222222222,1.1776666666666664,0.03474455555555555,1.4626666666666668,0.3736495555555555,0.0,0.0,277845.2,5512.16,90808209.06666666,1312783.9288888893,0.0,0.0,98705496.0,0.0,83.8,0.0,0.6341666666666667,0.0005409722222222232,0.625,0.019475,0.5333333333333333,0.2488888888888889,2916.95,3.180833333333333,16383996.0,0.0,16383996.0,0.0,1.0,1.0,1.0,1.0,12.0,0.0,35.0,0.0,40.0,0.0,43.0,0.0,12.290300000000004,0.001036799999999959,3.1553,0.0,40.0,0.0,-56.0,0.0,-55.0,0.0,40.0,0.0,40.0,0.0,32.0,0.0,0.0,0.0,-44.733333333333334,0.32888888888888895,0.7333333333333333,7.528888888888888,33.0,6776.0,44.0,0.0,23.8,13.893333333333336,663.6666666666666,8383.955555555558,41.0,0.0,36.93333333333333,0.06222222222222226,35.0,0.0,46.0,0.0,24362.8,4866.026666666666,24611.066666666666,26720.462222222224,24330.133333333335,1878.1155555555554,24500.0,19208.0,24415.066666666666,16476.195555555558,24539.2,30476.693333333325,1.0,1.0,1.0,1.0,1.0,1.0
2019-11-04 02:05:00+01:00,1561742669.0,0.0,455.7813333333333,79539.24069822222,133.2185,1867.9269027499995,73.3,0.0,100.0,0.0,0.0,0.0,1400.0,0.0,0.0,0.0,0.0,0.0,0.0,0.0,0.0,0.0,78.332,0.0,102.80199999999999,2.0194839173657902e-28,1.0978333333333334,0.00044363888888888795,1.2355,0.010214749999999993,1.1438333333333333,0.16350697222222224,0.0,0.0,278016.2,11.96,90804488.0,1220134.4,0.0,0.0,98705496.0,0.0,83.8,0.0,1.0941666666666667,0.09142430555555557,1.2188333333333332,0.11531363888888888,0.26666666666666666,0.19555555555555557,2919.0,0.0,16383996.0,0.0,16383996.0,0.0,1.0,1.0,1.0,1.0,12.0,0.0,35.0,0.0,40.4,0.23999999999999996,43.0,0.0,12.297500000000003,0.0012441599999999612,3.1553,0.0,40.0,0.0,-56.0,0.0,-55.0,0.0,40.0,0.0,40.0,0.0,32.0,0.0,0.0,0.0,-44.4,0.37333333333333324,0.0,0.0,11.0,0.0,44.0,0.0,24.266666666666666,0.1955555555555555,679.8,132.29333333333332,41.0,0.0,37.0,0.0,35.0,0.0,46.0,0.0,24395.466666666667,12122.382222222222,24506.533333333333,14683.44888888889,24375.866666666665,3158.6488888888894,24532.666666666668,29025.422222222227,24388.933333333334,12634.595555555556,24493.466666666667,10841.848888888888,1.0,1.0,1.0,1.0,1.0,1.0
2019-11-04 02:10:00+01:00,1561742669.0,0.0,532.9221666666666,6112.450526972221,77.02516666666665,3396.782781638888,73.3,0.0,99.94333333333333,0.008122222222222454,0.0,0.0,1400.0,0.0,0.0,0.0,0.028333333333333332,0.002030555555555556,0.028333333333333332,0.002030555555555556,0.0,0.0,78.33165,2.2749999999570662e-07,102.802,0.0,1.0976666666666668,0.000501222222222219,1.1313333333333335,0.0075615555555555505,1.026,0.06844399999999999,0.0,0.0,278026.2,175.16,90805747.46666667,487049.3155555555,0.0,0.0,98705496.0,0.0,83.8,0.0,6.179,11.031419,0.7666666666666667,0.2163888888888888,0.15,0.1275,2919.0,0.0,16383996.0,0.0,16383996.0,0.0,1.0,1.0,1.0,1.0,11.8,0.16000000000000003,35.0,0.0,40.0,0.0,43.0,0.0,12.272300000000005,0.0006479999999999637,3.1553,0.0,40.0,0.0,-56.0,0.0,-55.4,0.23999999999999996,39.93333333333333,0.06222222222222224,40.0,0.0,31.8,0.16000000000000003,0.0,0.0,-44.733333333333334,0.4622222222222223,0.0,0.0,9.533333333333333,13.98222222222222,44.0,0.0,24.6,1.84,686.4,1029.3066666666664,41.0,0.0,36.733333333333334,0.1955555555555555,35.0,0.0,46.0,0.0,24258.266666666666,66416.99555555555,24480.4,19464.106666666674,24225.6,57880.10666666665,24434.666666666668,9817.422222222225,24317.066666666666,39525.79555555555,24513.066666666666,21598.328888888886,1.0,1.0,1.0,1.0,1.0,1.0
2019-11-04 02:15:00+01:00,1561742669.0,0.0,160.63799999999998,47175.86919600001,53.141833333333345,115.56726830555556,73.3,0.0,99.99666666666667,0.000655555555555574,0.0,0.0,1400.0,0.0,0.0,0.0,0.0016666666666666668,0.00016388888888888895,0.0016666666666666668,0.00016388888888888895,0.0,0.0,78.331,0.0,102.80200000000002,2.0194839173657902e-28,1.101,6.900000000000012e-05,1.1248333333333334,0.0009749722222222179,1.1893333333333331,0.00812622222222222,0.0,0.0,278108.6666666667,5.955555555555555,90804968.8,409484.16000000003,0.0,0.0,98705496.0,0.0,83.8,0.0,2.809333333333333,14.692286222222217,0.6686666666666667,0.02215822222222222,0.38333333333333336,0.2363888888888889,2919.0,0.0,16383996.0,0.0,16383996.0,0.0,1.0,1.0,1.0,1.0,11.933333333333334,0.06222222222222224,35.0,0.0,40.06666666666667,0.06222222222222226,43.0,0.0,12.286700000000003,0.0010886399999999572,3.1553,0.0,40.0,0.0,-56.0,0.0,-55.13333333333333,0.11555555555555559,40.0,0.0,40.0,0.0,31.933333333333334,0.06222222222222224,0.0,0.0,-44.86666666666667,0.11555555555555558,0.0,0.0,10.266666666666667,7.52888888888889,44.0,0.0,23.933333333333334,0.4622222222222223,667.3333333333334,285.0222222222222,41.0,0.0,37.0,0.0,35.0,0.0,46.0,0.0,23938.133333333335,179872.2488888889,24388.933333333334,12634.595555555557,23755.2,451772.16,24395.466666666667,10841.848888888891,24029.6,175689.17333333337,24421.6,11780.906666666666,1.0,1.0,1.0,1.0,1.0,1.0
2019-11-04 02:20:00+01:00,1561742669.0,0.0,23.016333333333336,48.55775322222224,41.969,158.44937900000005,73.3,0.0,100.0,0.0,0.0,0.0,1400.0,0.0,0.0,0.0,0.0,0.0,0.0,0.0,0.0,0.0,78.331,0.0,102.80199999999999,2.0194839173657902e-28,1.0625,0.0005787500000000005,1.014,0.004424000000000001,0.9766666666666667,0.06969222222222224,0.0,0.0,278118.2,175.15999999999997,90805673.33333333,251872.35555555558,0.0,0.0,98705496.0,0.0,83.8,0.0,0.37083333333333335,0.013524305555555553,0.5308333333333334,0.026507638888888893,0.26666666666666666,0.1955555555555556,2917.9333333333334,3.128888888888889,16383996.0,0.0,16383996.0,0.0,1.0,1.0,1.0,1.0,11.133333333333333,0.11555555555555559,35.0,0.0,40.0,0.0,43.0,0.0,12.286700000000003,0.0006998399999999608,3.1553,0.0,40.0,0.0,-56.0,0.0,-55.86666666666667,0.11555555555555559,39.53333333333333,0.2488888888888889,40.0,0.0,31.133333333333333,0.11555555555555559,0.0,0.0,-44.8,0.42666666666666664,0.0,0.0,11.0,0.0,44.0,0.0,24.2,1.2266666666666666,676.1333333333333,1046.5155555555557,41.0,0.0,36.13333333333333,0.11555555555555559,35.0,0.0,46.0,0.0,23892.4,175689.17333333337,24330.133333333335,46696.782222222224,23572.266666666666,405758.3288888889,24395.466666666667,10841.848888888891,23755.2,138041.49333333335,24395.466666666667,17244.515555555554,1.0,1.0,1.0,1.0,1.0,1.0
2019-11-04 02:25:00+01:00,1561742669.0,0.0,63744.17216666667,1881362009.9624002,947.0781666666666,386862.1476249723,73.3,0.0,100.0,0.0,0.0,0.0,1400.0,0.0,0.0,0.0,0.0,0.0,0.0,0.0,0.0,0.0,78.331,0.0,102.802,0.0,1.18,0.0005800000000000011,1.3014999999999999,0.010542750000000002,1.3535,0.3137527500000001,0.0,0.0,278201.8,16.759999999999998,90796086.4,136826992.64000002,0.0,0.0,98705496.0,0.0,83.8,0.0,121.9125,6836.820468749998,15.282500000000002,102.36546875,0.26666666666666666,0.1955555555555556,2919.0,0.0,16383996.0,0.0,16383996.0,0.0,1.0,1.0,1.0,1.0,11.133333333333333,0.11555555555555559,35.0,0.0,40.0,0.0,43.0,0.0,12.268700000000004,0.0005702399999999681,3.1553,0.0,40.0,0.0,-56.0,0.0,-55.93333333333333,0.06222222222222226,39.06666666666667,0.06222222222222226,39.666666666666664,0.2222222222222223,31.266666666666666,0.1955555555555555,0.0,0.0,-44.6,0.23999999999999996,0.0,0.0,11.0,0.0,44.0,0.0,23.8,1.0933333333333333,672.4666666666667,627.048888888889,41.0,0.0,36.0,0.0,35.0,0.0,46.0,0.0,23618.0,188238.4,24310.533333333333,597.582222222222,23572.266666666666,280266.0622222222,24310.533333333333,597.582222222222,23663.733333333334,343012.1955555555,24349.733333333334,3670.8622222222225,1.0,1.0,1.0,1.0,1.0,1.0
2019-11-04 02:30:00+01:00,1561742669.0,0.0,8480.759166666665,470454452.77487093,179.17299999999997,112177.92527766667,73.3,0.0,99.88,0.033600000000000955,0.0,0.0,1400.0,0.0,0.0,0.0,0.0,0.0,0.12,0.033600000000000005,0.0,0.0,78.331,0.0,102.802,0.0,1.2134999999999998,0.0014027500000000025,1.2940000000000003,0.014334000000000013,1.3058333333333336,0.2711409722222222,0.0,0.0,278212.86666666664,72.58222222222221,90805924.26666667,112677370.59555554,0.0,0.0,98705496.0,0.0,83.8,0.0,20.16133333333333,2044.375371555555,2.8533333333333335,30.774575555555554,0.4166666666666667,0.24305555555555558,2919.4166666666665,0.24305555555555558,16383996.0,0.0,16383996.0,0.0,1.0,1.0,1.0,1.0,11.4,0.23999999999999996,35.0,0.0,40.86666666666667,0.11555555555555559,43.4,0.23999999999999996,12.275900000000005,0.0014774399999999584,3.1553,0.0,40.0,0.0,-56.0,0.0,-55.2,0.16000000000000006,39.93333333333333,0.06222222222222226,39.46666666666667,0.24888888888888897,31.4,0.23999999999999996,0.0,0.0,-43.46666666666667,1.8488888888888895,0.0,0.0,11.0,0.0,43.8,0.16000000000000003,25.533333333333335,6.24888888888889,712.8,3375.0933333333337,41.0,0.0,36.333333333333336,0.22222222222222224,35.0,0.0,46.666666666666664,0.48888888888888893,23526.533333333333,430856.7822222222,24330.133333333335,1878.1155555555554,23389.333333333332,418307.55555555556,24310.533333333333,597.5822222222218,23526.533333333333,493602.91555555555,24336.666666666668,3414.7555555555546,1.0,1.0,1.0,1.0,1.0,1.0
2019-11-04 02:35:00+01:00,1561742669.0,0.0,27.046666666666667,55.686422222222234,30.623333333333335,6.944022222222221,73.3,0.0,100.0,0.0,0.0,0.0,1400.0,0.0,0.0,0.0,0.0,0.0,0.0,0.0,0.0,0.0,78.331,0.0,102.802,0.0,1.2458333333333333,0.0005309722222222232,1.3143333333333334,0.007954555555555552,1.3111666666666668,0.10222363888888887,0.0,0.0,278293.06666666665,3.128888888888889,90802622.93333334,145867.66222222222,0.0,0.0,98705496.0,0.0,83.8,0.0,0.43333333333333335,0.01388888888888889,0.39666666666666667,0.0014222222222222225,0.4,0.24,2920.0,0.0,16383996.0,0.0,16383996.0,0.0,1.0,1.0,1.0,1.0,11.733333333333333,0.19555555555555557,35.0,0.0,40.93333333333333,0.06222222222222223,43.0,0.0,12.275900000000005,0.0006998399999999608,3.1553,0.0,40.0,0.0,-56.0,0.0,-55.266666666666666,0.1955555555555555,40.0,0.0,39.8,0.16,31.8,0.16,0.0,0.0,-44.53333333333333,0.24888888888888897,0.0,0.0,11.0,0.0,43.86666666666667,0.11555555555555559,23.933333333333334,0.8622222222222219,671.7333333333333,330.19555555555564,41.0,0.0,36.93333333333333,0.06222222222222223,35.0,0.0,46.13333333333333,0.11555555555555559,23709.466666666667,368110.6488888888,24284.4,33549.97333333334,23572.266666666666,217519.92888888885,24317.066666666666,1109.7955555555557,23709.466666666667,493602.91555555555,24323.6,1536.6399999999996,1.0,1.0,1.0,1.0,1.0,1.0
2019-11-04 02:40:00+01:00,1561742669.0,0.0,37.66333333333334,126.29902222222223,33.78666666666667,12.633688888888875,73.3,0.0,99.94666666666667,0.007822222222222444,0.0,0.0,1400.0,0.0,0.0,0.0,0.02666666666666667,0.001955555555555556,0.02666666666666667,0.001955555555555556,0.0,0.0,78.331,0.0,102.80200000000002,2.0194839173657902e-28,1.208,0.0017360000000000032,1.1996666666666669,0.017269888888888887,1.2513333333333332,0.3052182222222223,0.0,0.0,278301.06666666665,90.59555555555558,90803523.73333333,850149.2622222223,0.0,0.0,98705496.0,0.0,83.8,0.0,0.5833333333333334,0.02722222222222222,0.42333333333333334,0.0014222222222222227,0.5333333333333333,0.24888888888888885,2918.6666666666665,4.888888888888888,16383996.0,0.0,16383996.0,0.0,1.0,1.0,1.0,1.0,11.866666666666667,0.11555555555555558,35.0,0.0,41.0,0.0,43.0,0.0,12.283100000000005,0.0011145599999999563,3.1553,0.0,40.0,0.0,-56.0,0.0,-55.13333333333333,0.11555555555555558,40.0,0.0,39.93333333333333,0.06222222222222224,31.866666666666667,0.11555555555555558,0.0,0.0,-44.46666666666667,0.38222222222222224,0.0,0.0,11.0,0.0,43.93333333333333,0.06222222222222226,24.266666666666666,1.7955555555555558,676.1333333333333,1046.5155555555557,41.0,0.0,37.0,0.0,35.0,0.0,46.0,0.0,23755.2,75295.36000000002,24310.533333333333,597.5822222222221,23572.266666666666,343012.1955555555,24336.666666666668,3414.755555555554,23938.133333333335,179872.2488888889,24369.333333333332,11097.955555555556,1.0,1.0,1.0,1.0,1.0,1.0
2019-11-04 02:45:00+01:00,1561742669.0,0.0,39.903333333333336,16.28302222222223,30.80666666666666,15.088355555555552,73.3,0.0,99.99333333333334,0.0012888888888889255,0.0,0.0,1400.0,0.0,0.0,0.0,0.0033333333333333335,0.00032222222222222233,0.0033333333333333335,0.00032222222222222233,0.0,0.0,78.331,0.0,102.80199999999999,2.0194839173657902e-28,1.2910000000000001,0.0013790000000000028,1.3836666666666666,0.01821655555555556,1.4001666666666666,0.3775283055555555,0.0,0.0,278389.26666666666,60.52888888888889,90804571.6,95281.97333333333,0.0,0.0,98705496.0,0.0,83.8,0.0,0.6466666666666666,0.0014222222222222206,0.39666666666666667,0.0014222222222222225,0.5666666666666667,0.24555555555555558,2918.65,0.4275,16383996.0,0.0,16383996.0,0.0,1.0,1.0,1.0,1.0,11.866666666666667,0.11555555555555559,35.0,0.0,40.53333333333333,0.24888888888888897,43.0,0.0,12.286700000000003,0.0014774399999999536,3.1553,0.0,40.0,0.0,-56.0,0.0,-55.266666666666666,0.1955555555555555,40.0,0.0,40.0,0.0,31.866666666666667,0.11555555555555559,0.0,0.0,-44.8,0.16,0.0,0.0,10.266666666666667,7.52888888888889,44.0,0.0,24.066666666666666,0.3288888888888889,668.8,196.82666666666665,41.0,0.0,37.0,0.0,35.0,0.0,46.0,0.0,23755.2,263533.76,24271.333333333332,31586.488888888893,23252.133333333335,744587.4488888889,24362.8,3585.4933333333324,23663.733333333334,405758.3288888889,24362.8,2304.96,1.0,1.0,1.0,1.0,1.0,1.0
2019-11-04 02:50:00+01:00,1561742669.0,0.0,47.11666666666667,50.668888888888894,32.553333333333335,10.095022222222216,73.3,0.0,100.0,0.0,0.0,0.0,1400.0,0.0,0.0,0.0,0.0,0.0,0.0,0.0,0.0,0.0,78.331,0.0,102.802,0.0,1.2158333333333333,0.001757638888888892,1.1458333333333333,0.015070972222222225,1.0121666666666667,0.2176269722222222,0.0,0.0,278406.6666666667,1592.888888888889,90804020.8,5153346.56,0.0,0.0,98705496.0,0.0,83.8,0.0,0.7533333333333333,0.008888888888888887,0.42333333333333334,0.001422222222222223,0.65,0.2275,2919.0,0.0,16383996.0,0.0,16383996.0,0.0,1.0,1.0,1.0,1.0,11.733333333333333,0.19555555555555557,35.0,0.0,40.8,0.16000000000000006,43.0,0.0,12.297500000000003,0.0008553599999999676,3.1553,0.0,40.0,0.0,-56.0,0.0,-55.13333333333333,0.11555555555555559,40.0,0.0,40.0,0.0,31.666666666666668,0.22222222222222224,0.0,0.0,-44.6,0.3733333333333333,0.0,0.0,11.0,0.0,44.0,0.0,24.266666666666666,2.195555555555556,682.7333333333333,1330.4622222222222,41.0,0.0,37.0,0.0,35.0,0.0,46.0,0.0,23663.733333333334,593996.7288888891,24310.533333333333,597.5822222222218,23252.133333333335,368110.6488888889,24336.666666666668,3414.755555555554,23389.333333333332,418307.55555555556,24317.066666666666,1109.7955555555557,1.0,1.0,1.0,1.0,1.0,1.0
2019-11-04 02:55:00+01:00,1561742669.0,0.0,37.690000000000005,104.54579999999999,53.24000000000001,170.01680000000002,73.3,0.0,100.0,0.0,0.0,0.0,1400.0,0.0,0.0,0.0,0.0,0.0,0.0,0.0,0.0,0.0,78.331,0.0,102.80200000000002,2.0194839173657902e-28,1.2773333333333332,0.0004928888888888896,1.343333333333333,0.0056955555555555535,1.3696666666666668,0.14917655555555553,0.0,0.0,278610.13333333336,12.515555555555554,90805178.66666667,244656.35555555558,0.0,0.0,98705496.0,0.0,83.8,0.0,0.6066666666666667,0.02275555555555555,0.6633333333333333,0.02275555555555556,0.4,0.23999999999999996,2918.9333333333334,0.06222222222222223,16383996.0,0.0,16383996.0,0.0,1.0,1.0,1.0,1.0,11.066666666666666,0.06222222222222223,35.0,0.0,40.13333333333333,0.11555555555555559,43.0,0.0,12.290300000000004,0.0014255999999999549,3.1553,0.0,40.0,0.0,-56.0,0.0,-55.93333333333333,0.06222222222222226,39.06666666666667,0.06222222222222226,39.4,0.23999999999999996,31.066666666666666,0.06222222222222223,0.0,0.0,-44.93333333333333,0.1955555555555555,0.0,0.0,7.333333333333333,26.888888888888882,44.0,0.0,23.733333333333334,0.3288888888888889,665.8666666666667,159.18222222222224,41.0,0.0,36.06666666666667,0.06222222222222226,35.0,0.0,46.0,0.0,23526.533333333333,368110.6488888888,24277.866666666665,32610.91555555555,23343.6,677658.24,24323.6,1536.6399999999996,23755.2,389026.02666666656,24336.666666666668,3414.755555555555,1.0,1.0,1.0,1.0,1.0,1.0
2019-11-04 03:00:00+01:00,1561742669.0,0.0,34.7435,9.87989274999999,91.13149999999999,442.64495274999985,73.3,0.0,100.0,0.0,0.0,0.0,1400.0,0.0,0.0,0.0,0.0,0.0,0.0,0.0,0.0,0.0,78.331,0.0,102.80200000000002,2.0194839173657902e-28,1.1968333333333332,0.0011649722222222241,1.096,0.006013999999999993,0.8735,0.012792750000000002,0.0,0.0,278644.0,1568.0,90802785.06666666,12651467.66222222,0.0,0.0,98705496.0,0.0,83.8,0.0,0.565,0.002274999999999999,1.0170000000000001,0.032850999999999984,0.5333333333333333,0.2488888888888889,2919.0666666666666,1.528888888888889,16383996.0,0.0,16383996.0,0.0,1.0,1.0,1.0,1.0,11.333333333333334,0.22222222222222218,35.0,0.0,40.06666666666667,0.06222222222222223,43.0,0.0,12.290300000000004,0.0014255999999999542,3.1553,0.0,40.0,0.0,-56.2,0.16000000000000006,-55.93333333333333,0.06222222222222223,39.666666666666664,0.2222222222222223,39.0,0.0,31.333333333333332,0.22222222222222224,0.0,0.0,-44.93333333333333,0.5955555555555556,0.0,0.0,11.0,0.0,43.8,0.16000000000000006,23.933333333333334,1.6622222222222223,677.6,1045.44,41.0,0.0,36.0,0.0,35.0,0.0,46.06666666666667,0.06222222222222223,22886.266666666666,405758.3288888889,23846.666666666668,355561.4222222222,22932.0,564715.2,23807.466666666667,412929.3155555555,23160.666666666668,481053.68888888875,23755.2,326279.8933333333,1.0,1.0,1.0,1.0,1.0,1.0
2019-11-04 03:05:00+01:00,1561742669.0,0.0,31.79,13.833799999999991,59.45666666666666,1109.8330888888888,73.3,0.0,100.0,0.0,0.0,0.0,1400.0,0.0,0.0,0.0,0.0,0.0,0.0,0.0,0.0,0.0,78.331,0.0,102.80199999999999,2.0194839173657902e-28,1.1706666666666667,0.0009595555555555572,1.0996666666666668,0.006403222222222216,1.0536666666666665,0.08611655555555556,0.0,0.0,278704.5333333333,6.115555555555556,90805280.0,1031048.5333333333,0.0,0.0,98705496.0,0.0,83.8,0.0,0.5133333333333333,0.003755555555555556,0.6833333333333333,0.10888888888888885,0.2833333333333333,0.20305555555555554,2920.016666666667,0.01638888888888889,16383996.0,0.0,16383996.0,0.0,1.0,1.0,1.0,1.0,11.333333333333334,0.22222222222222218,35.0,0.0,41.0,0.0,43.0,0.0,12.297500000000003,0.0012441599999999619,3.1553,0.0,40.0,0.0,-56.0,0.0,-55.2,0.16000000000000003,39.86666666666667,0.11555555555555558,39.0,0.0,31.533333333333335,0.2488888888888889,0.0,0.0,-44.06666666666667,0.06222222222222226,0.0,0.0,11.0,0.0,44.0,0.0,23.866666666666667,0.3822222222222223,673.9333333333333,394.72888888888895,41.0,0.0,36.13333333333333,0.11555555555555558,35.0,0.0,47.0,0.0,22840.533333333333,556349.0488888889,23800.933333333334,343012.19555555546,22611.866666666665,493602.9155555556,23755.2,263533.75999999995,22977.733333333334,593996.7288888892,23709.466666666667,242618.3822222222,1.0,1.0,1.0,1.0,1.0,1.0
2019-11-04 03:10:00+01:00,1561742669.0,0.0,32.75333333333333,6.456022222222216,34.86666666666667,0.5338888888888871,73.3,0.0,99.92,0.017599999999999668,0.0,0.0,1400.0,0.0,0.0,0.0,0.02666666666666667,0.001955555555555556,0.05333333333333334,0.007822222222222223,0.0,0.0,78.331,0.0,102.80199999999999,2.0194839173657902e-28,1.1456666666666666,0.0003745555555555528,1.0986666666666667,0.006318222222222221,1.2401666666666666,0.09694163888888888,0.0,0.0,278734.13333333336,1580.515555555556,90803736.53333333,16308014.64888889,0.0,0.0,98705496.0,0.0,83.8,0.0,0.5233333333333333,0.0014222222222222247,0.43,0.00020000000000000036,0.4,0.24,2919.0666666666666,0.06222222222222223,16383996.0,0.0,16383996.0,0.0,1.0,1.0,1.0,1.0,11.066666666666666,0.06222222222222224,35.0,0.0,40.53333333333333,0.24888888888888897,43.0,0.0,12.290300000000004,0.0010367999999999593,3.1553,0.0,40.0,0.0,-56.0,0.0,-55.733333333333334,0.1955555555555555,39.4,0.23999999999999996,39.0,0.0,31.066666666666666,0.06222222222222224,0.0,0.0,-44.53333333333333,0.38222222222222224,0.0,0.0,11.0,0.0,44.0,0.0,23.533333333333335,0.38222222222222224,662.9333333333333,104.32888888888891,41.0,0.0,36.2,0.16000000000000006,35.0,0.0,46.6,0.23999999999999996,22657.6,426673.7066666666,23755.2,263533.75999999995,22474.666666666668,669292.0888888888,23572.266666666666,405758.3288888889,22749.066666666666,970473.5288888888,23663.733333333334,280266.0622222222,1.0,1.0,1.0,1.0,1.0,1.0
2019-11-04 03:15:00+01:00,1561742669.0,0.0,546.2566666666668,130921.85635555556,190.55666666666667,12200.261355555558,73.3,0.0,99.99,0.0028999999999999447,0.0,0.0,1400.0,0.0,0.0,0.0,0.0033333333333333335,0.00032222222222222233,0.006666666666666667,0.0012888888888888893,0.0,0.0,78.331,0.0,102.802,0.0,1.23,0.0004800000000000009,1.332,0.001836000000000001,1.5030000000000001,0.0030210000000000055,0.0,0.0,278802.0,12.0,90806640.53333333,418184.2488888889,0.0,0.0,98705496.0,0.0,83.8,0.0,1.363333333333333,0.3307555555555555,1.6733333333333333,0.7854222222222222,0.2,0.16,2918.733333333333,0.19555555555555554,16383996.0,0.0,16383996.0,0.0,1.0,1.0,1.0,1.0,11.0,0.0,35.0,0.0,40.2,0.16000000000000006,43.0,0.0,12.297500000000003,0.0008553599999999676,3.1553,0.0,40.0,0.0,-56.0,0.0,-56.0,0.0,39.06666666666667,0.06222222222222226,39.0,0.0,31.0,0.0,0.0,0.0,-44.53333333333333,0.24888888888888897,0.0,0.0,11.0,0.0,44.0,0.0,23.866666666666667,0.648888888888889,669.5333333333333,756.1155555555556,41.0,0.0,36.0,0.0,35.0,0.0,46.333333333333336,0.2222222222222223,22291.733333333334,468504.4622222222,23572.266666666666,405758.3288888889,22657.6,489419.84,23526.533333333333,556349.0488888888,22474.666666666668,606545.9555555555,23709.466666666667,242618.3822222222,1.0,1.0,1.0,1.0,1.0,1.0
2019-11-04 03:20:00+01:00,1561742669.0,0.0,297.74333333333334,127192.86722222221,112.48666666666666,12195.055022222226,73.3,0.0,100.0,0.0,0.0,0.0,1400.0,0.0,0.0,0.0,0.0,0.0,0.0,0.0,0.0,0.0,78.331,0.0,102.802,0.0,1.2996666666666665,0.004416555555555557,1.4506666666666665,0.03518622222222221,1.7583333333333333,0.6676005555555555,0.0,0.0,278821.86666666664,2691.9822222222224,90807386.13333334,7933290.382222223,0.0,0.0,98705496.0,0.0,83.8,0.0,1.0566666666666666,0.2544222222222223,1.0466666666666664,0.7854222222222222,0.9833333333333333,0.5163888888888888,2920.0,3.0,16383996.0,0.0,16383996.0,0.0,1.0,1.0,1.0,1.0,11.0,0.0,35.0,0.0,40.266666666666666,0.1955555555555555,43.0,0.0,12.290300000000004,0.001036799999999959,3.1553,0.0,40.0,0.0,-56.0,0.0,-55.86666666666667,0.11555555555555559,39.333333333333336,0.2222222222222223,39.0,0.0,31.066666666666666,0.06222222222222224,0.0,0.0,-44.333333333333336,0.48888888888888893,0.0,0.0,11.0,0.0,44.0,0.0,24.066666666666666,2.0622222222222226,674.6666666666666,1075.5555555555557,41.0,0.0,36.0,0.0,35.0,0.0,46.6,0.23999999999999996,22520.4,552165.9733333333,23297.866666666665,368110.6488888889,22749.066666666666,343012.1955555556,23572.266666666666,405758.3288888889,22703.333333333332,543799.8222222222,23526.533333333333,556349.0488888889,1.0,1.0,1.0,1.0,1.0,1.0
2019-11-04 03:25:00+01:00,1561742669.0,0.0,457.1533333333333,84704.53602222224,34.42,0.0002000000000000152,73.3,0.0,100.0,0.0,0.0,0.0,1400.0,0.0,0.0,0.0,0.0,0.0,0.0,0.0,0.0,0.0,78.331,0.0,102.802,0.0,1.4796666666666667,5.9888888888889e-05,1.732,0.006246000000000005,1.6585,0.04552275000000002,0.0,0.0,279022.0,12.0,90805416.93333334,400200.72888888896,0.0,0.0,98705496.0,0.0,83.8,0.0,8.106666666666667,27.429355555555563,0.42000000000000004,3.0814879110195774e-33,0.26666666666666666,0.1955555555555556,2919.0,0.0,16383996.0,0.0,16383996.0,0.0,1.0,1.0,1.0,1.0,11.0,0.0,35.0,0.0,40.0,0.0,43.0,0.0,12.290300000000004,0.0014255999999999544,3.1553,0.0,40.0,0.0,-56.13333333333333,0.11555555555555559,-56.0,0.0,39.0,0.0,39.0,0.0,31.0,0.0,0.0,0.0,-44.53333333333333,0.2488888888888889,0.0,0.0,11.0,0.0,44.0,0.0,23.733333333333334,0.4622222222222223,666.6,158.10666666666665,41.0,0.0,36.0,0.0,35.0,0.0,46.46666666666667,0.2488888888888889,22520.4,614912.1066666666,23297.866666666665,368110.6488888889,22154.533333333333,242618.3822222222,23389.333333333332,418307.5555555556,22474.666666666668,355561.42222222214,23297.866666666665,430856.78222222225,1.0,1.0,1.0,1.0,1.0,1.0
2019-11-04 03:30:00+01:00,1561742669.0,0.0,257.86350000000004,88358.88518275002,40.091499999999996,17.259082750000008,73.3,0.0,99.97,0.0020999999999997613,0.0,0.0,1400.0,0.0,0.0,0.0,0.0,0.0,0.0,0.0,0.0,0.0,78.331,0.0,102.80199999999999,2.0194839173657902e-28,1.5543333333333336,0.00507788888888889,1.7670000000000001,0.03134099999999998,2.1750000000000003,0.6982849999999999,0.0,0.0,279065.5333333333,12086.44888888889,90807079.33333333,611326.4888888889,0.0,0.0,98705496.0,0.0,83.8,0.0,4.556,28.334124000000006,0.5175,0.0051187499999999974,0.4,0.24,2918.233333333333,0.4122222222222222,16383996.0,0.0,16383996.0,0.0,1.0,1.0,1.0,1.0,11.0,0.0,34.53333333333333,0.24888888888888897,40.0,0.0,43.0,0.0,12.290300000000004,0.0014255999999999542,3.1553,0.0,40.0,0.0,-56.6,0.23999999999999996,-56.0,0.0,39.0,0.0,39.0,0.0,31.0,0.0,0.0,0.0,-44.6,0.3733333333333333,0.0,0.0,11.0,0.0,44.0,0.0,24.266666666666666,2.0622222222222226,668.8,390.4266666666667,41.0,0.0,36.0,0.0,35.0,0.0,46.333333333333336,0.2222222222222223,22291.733333333334,343012.1955555555,23435.066666666666,280266.0622222222,22291.733333333334,468504.4622222222,23297.866666666665,430856.7822222223,22611.866666666665,681841.3155555556,23297.866666666665,430856.7822222223,1.0,1.0,1.0,1.0,1.0,1.0
2019-11-04 03:35:00+01:00,1561742669.0,0.0,54.34550000000001,114.86495474999998,36.744,22.027824000000013,73.3,0.0,100.0,0.0,0.0,0.0,1400.0,0.0,0.0,0.0,0.0,0.0,0.0,0.0,0.0,0.0,78.331,0.0,102.80199999999998,8.077935669463161e-28,1.7005000000000001,0.0034947500000000065,1.997166666666667,0.013543638888888912,2.377666666666667,0.12991788888888886,0.0,0.0,279370.3333333333,3.8888888888888875,90807307.33333333,579428.8888888888,0.0,0.0,98705496.0,0.0,83.8,0.0,0.8905,0.03114475,0.45949999999999996,0.0065747499999999955,0.6833333333333333,0.2163888888888889,2917.85,0.12749999999999997,16383996.0,0.0,16383996.0,0.0,1.0,1.0,1.0,1.0,11.0,0.0,34.666666666666664,0.22222222222222224,40.0,0.0,43.0,0.0,12.286700000000003,0.0006998399999999608,3.1553,0.0,40.0,0.0,-56.8,0.16000000000000006,-56.0,0.0,38.53333333333333,0.2488888888888889,39.0,0.0,31.0,0.0,0.0,0.0,-44.86666666666667,0.11555555555555559,0.0,0.0,11.0,0.0,44.0,0.0,23.6,0.64,657.8,132.2933333333333,41.0,0.0,36.0,0.0,35.0,0.0,46.0,0.0,22566.133333333335,430856.78222222225,23114.933333333334,468504.4622222222,21880.133333333335,305364.5155555556,23435.066666666666,405758.3288888889,22291.733333333334,405758.3288888889,23389.333333333332,418307.55555555556,1.0,1.0,1.0,1.0,1.0,1.0
2019-11-04 03:40:00+01:00,1561742669.0,0.0,42.671,205.56981900000002,33.04,0.036399999999999745,73.3,0.0,99.95,0.007500000000000213,0.0,0.0,1400.0,0.0,0.0,0.0,0.025,0.0018750000000000004,0.025,0.0018750000000000004,0.0,0.0,78.33100000000002,2.0194839173657902e-28,102.80200000000002,2.0194839173657902e-28,1.7416666666666663,0.003107222222222228,1.881166666666667,0.03849697222222225,1.6558333333333333,0.44159430555555557,0.0,0.0,279461.8,11872.76,90803883.06666666,28063490.328888886,0.0,0.0,98705496.0,0.0,83.8,0.0,0.695,0.056874999999999974,0.4,0.0,0.7666666666666667,0.6788888888888889,2920.0,12.0,16383996.0,0.0,16383996.0,0.0,1.0,1.0,1.0,1.0,11.0,0.0,34.2,0.16000000000000006,40.0,0.0,43.0,0.0,12.297500000000003,0.0012441599999999612,3.1553,0.0,40.0,0.0,-56.93333333333333,0.06222222222222223,-56.0,0.0,38.53333333333333,0.24888888888888897,39.0,0.0,31.0,0.0,0.0,0.0,-44.93333333333333,0.5955555555555556,0.0,0.0,11.0,0.0,43.93333333333333,0.06222222222222225,23.6,2.1066666666666665,664.4,900.24,41.0,0.0,36.0,0.0,34.6,0.23999999999999996,46.0,0.0,21880.133333333335,619095.1822222223,23160.666666666668,418307.5555555556,21671.066666666666,814248.4622222222,22977.733333333334,844981.2622222223,22108.8,640010.5599999999,23252.133333333335,681841.3155555557,1.0,1.0,1.0,1.0,1.0,1.0
2019-11-04 03:45:00+01:00,1561742669.0,0.0,35.153000000000006,4.85585100000001,37.508500000000005,11.43599275000001,73.3,0.0,99.99,0.0019000000000000538,0.0,0.0,1400.0,0.0,0.0,0.0,0.005,0.00047499999999999994,0.005,0.00047499999999999994,0.0,0.0,78.331,0.0,102.802,0.0,1.845,0.001684999999999998,2.009333333333333,0.02825955555555557,1.9030000000000002,0.363311,0.0,0.0,279596.5333333333,6.115555555555556,90803981.2,872110.5599999999,0.0,0.0,98705496.0,0.0,83.8,0.0,0.5525,0.0005687499999999985,0.4975,0.005118750000000002,0.48333333333333334,0.2830555555555555,2918.133333333333,1.048888888888889,16383996.0,0.0,16383996.0,0.0,1.0,1.0,1.0,1.0,10.866666666666667,0.11555555555555559,34.0,0.0,40.0,0.0,43.0,0.0,12.301100000000003,0.0007257599999999742,3.1553,0.0,40.0,0.0,-57.0,0.0,-56.0,0.0,39.0,0.0,39.0,0.0,30.866666666666667,0.11555555555555559,0.0,0.0,-45.0,0.26666666666666666,0.0,0.0,11.0,0.0,44.0,0.0,22.666666666666668,0.48888888888888876,643.8666666666667,175.31555555555556,40.6,0.23999999999999996,36.0,0.0,34.0,0.0,46.86666666666667,0.11555555555555558,20847.866666666665,131211.9822222222,21834.4,552165.9733333334,20651.866666666665,151700.51555555558,22154.533333333333,556349.0488888888,20880.533333333333,54379.98222222223,21971.6,677658.24,1.0,1.0,1.0,1.0,1.0,1.0
2019-11-04 03:50:00+01:00,1561742669.0,0.0,47.742000000000004,64.82257599999997,36.064,8.299563999999997,73.3,0.0,100.0,0.0,0.0,0.0,1400.0,0.0,0.0,0.0,0.0,0.0,0.0,0.0,0.0,0.0,78.33048333333333,2.4972222222460704e-07,102.80200000000002,2.0194839173657902e-28,1.7869999999999997,0.001661000000000003,1.7925,0.01758875000000001,1.8875000000000004,0.26637874999999994,0.0,0.0,279606.8,350.56,90804894.4,192970.23999999996,0.0,0.0,98705496.0,0.0,83.8,0.0,0.752,0.017836000000000005,0.4525,0.005118750000000001,0.4666666666666667,0.24888888888888885,2918.0,0.0,16383996.0,0.0,16383996.0,0.0,1.0,1.0,1.0,1.0,10.933333333333334,0.06222222222222223,34.0,0.0,40.0,0.0,43.0,0.0,12.293900000000002,0.0009590399999999627,3.1553,0.0,40.0,0.0,-57.0,0.0,-56.0,0.0,39.0,0.0,38.666666666666664,0.2222222222222223,30.933333333333334,0.06222222222222223,0.0,0.0,-44.733333333333334,0.5955555555555556,0.0,0.0,11.0,0.0,44.0,0.0,22.6,1.7066666666666668,640.2,874.4266666666666,40.06666666666667,0.06222222222222226,36.0,0.0,34.0,0.0,46.93333333333333,0.06222222222222226,20717.2,67612.16000000002,21742.933333333334,154773.79555555558,20566.933333333334,121479.92888888888,21834.4,426673.70666666667,20965.466666666667,54379.982222222236,21925.866666666665,242618.3822222222,1.0,1.0,1.0,1.0,1.0,1.0
2019-11-04 03:55:00+01:00,1561742669.0,0.0,37.3415,143.21309274999996,31.681500000000007,2.7709727500000034,73.3,0.0,99.975,0.0018749999999997868,0.0,0.0,1400.0,0.0,0.0,0.0,0.0,0.0,0.0,0.0,0.0,0.0,78.33091666666667,7.638888888961839e-08,102.80200000000002,2.0194839173657902e-28,1.9015000000000006,0.0016027499999999957,2.0693333333333337,0.012266222222222244,2.455333333333333,0.44172155555555537,0.0,0.0,279693.4666666667,4.248888888888889,90803522.0,242488.8,0.0,0.0,98705496.0,0.0,83.8,0.0,0.59,0.03639999999999999,0.4,0.0,0.15,0.12750000000000003,2918.0,0.0,16383996.0,0.0,16383996.0,0.0,1.0,1.0,1.0,1.0,10.666666666666666,0.22222222222222218,34.0,0.0,40.0,0.0,43.0,0.0,12.315500000000004,0.0007257599999999928,3.1553,0.0,40.0,0.0,-57.0,0.0,-56.0,0.0,38.86666666666667,0.11555555555555559,38.0,0.0,30.666666666666668,0.2222222222222223,0.0,0.0,-45.06666666666667,0.19555555555555554,0.0,0.0,11.0,0.0,44.0,0.0,22.0,0.4,624.8,180.69333333333333,40.06666666666667,0.06222222222222226,36.0,0.0,34.0,0.0,46.733333333333334,0.1955555555555555,20142.266666666666,687475.6622222222,20958.933333333334,474907.128888889,19913.6,621314.7733333332,21194.133333333335,242618.38222222228,20135.733333333334,544055.9288888889,21161.466666666667,402685.0488888889,1.0,1.0,1.0,1.0,1.0,1.0
2019-11-04 04:00:00+01:00,1561742669.0,0.0,485.71149999999994,112531.72751274997,47.756499999999996,161.09095275,73.3,0.0,99.965,0.002274999999999741,0.0,0.0,1400.0,0.0,0.0,0.0,0.03,0.0021,0.03,0.0021,0.0,0.0,78.33088333333333,1.030555555565397e-07,102.80200000000002,2.0194839173657902e-28,1.9318333333333333,0.0004549722222222231,2.0474999999999994,0.005708750000000007,2.2366666666666664,0.2571988888888888,0.0,0.0,279725.0,1403.0,90803477.46666667,302202.6488888889,0.0,0.0,98705496.0,0.0,83.8,0.0,8.5815,35.603772750000005,0.53,0.009099999999999995,0.26666666666666666,0.19555555555555557,2918.0,0.0,16383996.0,0.0,16383996.0,0.0,1.0,1.0,1.0,1.0,10.2,0.16,34.0,0.0,40.0,0.0,43.0,0.0,12.286700000000003,0.0006998399999999608,3.1553,0.0,40.0,0.0,-57.0,0.0,-56.266666666666666,0.1955555555555555,38.06666666666667,0.06222222222222226,38.0,0.0,30.2,0.16,0.0,0.0,-44.86666666666667,0.3822222222222223,0.0,0.0,11.0,0.0,44.0,0.0,22.2,1.76,634.3333333333334,1398.2222222222222,40.0,0.0,36.0,0.0,34.0,0.0,47.0,0.0,19136.133333333335,301522.9155555555,20286.0,450747.73333333334,19240.666666666668,522030.75555555563,19782.933333333334,162456.99555555556,19273.333333333332,309462.2222222222,20050.8,355732.16000000003,1.0,1.0,1.0,1.0,1.0,1.0
2019-11-04 04:05:00+01:00,1561742669.0,0.0,281.29,109319.71960000001,39.9035,158.67854275,73.3,0.0,100.0,0.0,0.0,0.0,1400.0,0.0,0.0,0.0,0.0,0.0,0.0,0.0,0.0,0.0,78.32999999999998,2.0194839173657902e-28,102.802,0.0,1.9125,0.0004687500000000009,1.9344999999999997,0.004464749999999996,1.8265000000000002,0.027732750000000025,0.0,0.0,279787.5333333333,16.582222222222224,90804574.8,91092.96,0.0,0.0,98705496.0,0.0,83.8,0.0,4.926000000000001,34.755084000000004,0.47,0.009099999999999995,0.26666666666666666,0.19555555555555557,2918.0,0.0,16383996.0,0.0,16383996.0,0.0,1.0,1.0,1.0,1.0,10.8,0.16000000000000006,34.0,0.0,40.13333333333333,0.11555555555555558,43.06666666666667,0.06222222222222223,12.304700000000004,0.0009590399999999734,3.1553,0.0,40.0,0.0,-56.93333333333333,0.06222222222222223,-56.0,0.0,38.6,0.23999999999999996,38.0,0.0,30.733333333333334,0.1955555555555555,0.0,0.0,-44.0,0.13333333333333333,0.0,0.0,11.0,0.0,44.0,0.0,22.133333333333333,0.9155555555555556,629.9333333333333,798.0622222222223,40.0,0.0,36.0,0.0,34.0,0.0,47.4,0.23999999999999996,18927.066666666666,207275.6622222222,20063.866666666665,270790.11555555556,18718.0,160066.66666666666,20423.2,167493.76000000004,19096.933333333334,168859.6622222222,20090.0,142139.2,1.0,1.0,1.0,1.0,1.0,1.0
2019-11-04 04:10:00+01:00,1561742669.0,0.0,38.87800000000001,0.02329600000000004,35.70399999999999,13.699504000000006,73.3,0.0,99.95,0.007500000000000213,0.0,0.0,1400.0,0.0,0.0,0.0,0.025,0.0018750000000000004,0.025,0.0018750000000000004,0.0,0.0,78.33,0.0,102.80199999999999,2.0194839173657902e-28,1.874,0.002223999999999995,1.845,0.02059500000000001,1.9729999999999999,0.423441,0.0,0.0,279813.0,1323.0,90804748.8,41410.55999999999,0.0,0.0,98705496.0,0.0,83.8,0.0,0.6130000000000001,9.100000000000017e-05,0.4455,0.0011147499999999986,0.0,0.0,2917.0833333333335,0.07638888888888888,16383996.0,0.0,16383996.0,0.0,1.0,1.0,1.0,1.0,11.0,0.0,34.0,0.0,41.0,0.0,44.0,0.0,12.308300000000003,0.0003887999999999911,3.1553,0.0,40.266666666666666,0.19555555555555554,-56.733333333333334,0.19555555555555554,-55.93333333333333,0.06222222222222223,39.0,0.0,38.0,0.0,31.0,0.0,0.0,0.0,-43.86666666666667,0.11555555555555558,0.3333333333333333,1.555555555555556,30.8,5488.56,44.0,0.0,21.333333333333332,10.088888888888889,607.9333333333333,7202.995555555556,40.0,0.0,36.0,0.0,34.46666666666667,0.2488888888888889,48.0,0.0,19103.466666666667,273351.1822222222,19769.866666666665,225971.4488888889,18855.2,186701.75999999998,20103.066666666666,140687.92888888888,18953.2,102186.56000000003,19952.8,263533.76000000007,1.0,1.0,1.0,1.0,1.0,1.0
2019-11-04 04:15:00+01:00,1561742669.0,0.0,46.439,29.877939000000005,52.135000000000005,101.28527500000001,73.3,0.0,99.99,0.0019000000000000538,0.0,0.0,1400.0,0.0,0.0,0.0,0.005,0.00047499999999999994,0.005,0.00047499999999999994,0.0,0.0,78.33,0.0,102.80199999999999,2.0194839173657902e-28,1.9575,0.00025875000000000046,2.0475,0.006468750000000016,2.024,0.08729399999999997,0.0,0.0,279877.86666666664,11.44888888888889,90804803.73333333,115279.92888888888,0.0,0.0,98705496.0,0.0,83.8,0.0,0.737,0.007371000000000004,0.652,0.017836000000000005,0.31666666666666665,0.21638888888888885,2917.85,0.12750000000000003,16383996.0,0.0,16383996.0,0.0,1.0,1.0,1.0,1.0,11.0,0.0,34.0,0.0,41.0,0.0,44.0,0.0,12.308300000000003,0.0007775999999999821,3.1553,0.0,40.86666666666667,0.11555555555555558,-56.6,0.23999999999999996,-56.0,0.0,39.0,0.0,38.0,0.0,31.0,0.0,0.0,0.0,-44.0,0.13333333333333333,0.0,0.0,11.0,0.0,44.0,0.0,21.933333333333334,0.4622222222222223,620.4,238.77333333333334,40.0,0.0,36.0,0.0,34.6,0.23999999999999996,48.0,0.0,18757.2,187982.29333333333,19704.533333333333,482078.1155555555,19012.0,57624.0,20240.266666666666,147090.59555555557,19090.4,160322.77333333335,19698.0,379037.86666666664,1.0,1.0,1.0,1.0,1.0,1.0
2019-11-04 04:20:00+01:00,1561742669.0,0.0,375.1835,56781.76324274999,66.6245,27.178264749999997,73.3,0.0,100.0,0.0,0.0,0.0,1400.0,0.0,0.0,0.0,0.0,0.0,0.0,0.0,0.0,0.0,78.32999999999998,2.0194839173657902e-28,102.80199999999999,2.0194839173657902e-28,1.9505,0.003214749999999997,1.9825,0.028428750000000006,2.1105,0.52751475,0.0,0.0,279911.86666666664,1675.7155555555553,90804832.13333334,56856.51555555556,0.0,0.0,98705496.0,0.0,83.8,0.0,6.611,18.182619000000003,0.815,0.002274999999999999,1.0,0.0,2917.483333333333,0.24972222222222223,16383996.0,0.0,16383996.0,0.0,1.0,1.0,1.0,1.0,11.0,0.0,34.0,0.0,41.0,0.0,43.6,0.23999999999999996,12.311900000000001,0.0013478399999999728,3.1553,0.0,40.4,0.23999999999999996,-56.86666666666667,0.11555555555555559,-56.0,0.0,39.0,0.0,38.0,0.0,31.0,0.0,0.0,0.0,-43.86666666666667,0.11555555555555558,0.0,0.0,10.266666666666667,7.528888888888888,44.06666666666667,0.06222222222222225,22.4,2.7733333333333334,625.5333333333333,1127.182222222222,40.0,0.0,36.0,0.0,34.53333333333333,0.24888888888888897,48.0,0.0,19070.8,249447.89333333334,19841.733333333334,302035.1288888889,18868.266666666666,273863.3955555556,20279.466666666667,172189.04888888885,19423.6,513749.9733333333,19985.466666666667,352744.24888888886,1.0,1.0,1.0,1.0,1.0,1.0
2019-11-04 04:25:00+01:00,1561742669.0,0.0,198.8775,66400.43921874999,45.736999999999995,328.85589100000004,73.3,0.0,99.975,0.0018749999999997868,0.0,0.0,1400.0,0.0,0.0,0.0,0.0,0.0,0.0,0.0,0.0,0.0,78.33,0.0,102.802,0.0,1.8825,0.016008750000000002,1.7425,0.11350875000000005,1.14,0.36684,0.0,0.0,279975.06666666665,15.128888888888888,90804440.93333334,61420.99555555556,0.0,0.0,98705496.0,0.0,83.8,0.0,3.5065,20.922742750000005,0.5575,0.046068749999999985,0.7333333333333333,0.19555555555555554,2917.1833333333334,0.14972222222222223,16383996.0,0.0,16383996.0,0.0,1.0,1.0,1.0,1.0,11.0,0.0,34.0,0.0,41.0,0.0,43.666666666666664,0.2222222222222223,12.326300000000003,0.0010367999999999931,3.1553,0.0,40.53333333333333,0.2488888888888889,-56.733333333333334,0.1955555555555555,-56.0,0.0,39.0,0.0,38.0,0.0,31.0,0.0,0.0,0.0,-43.93333333333333,0.06222222222222223,0.0,0.0,11.0,0.0,44.2,0.16,21.733333333333334,0.3288888888888889,619.6666666666666,91.42222222222223,40.0,0.0,36.0,0.0,34.4,0.23999999999999996,48.0,0.0,19038.133333333335,255423.71555555568,19671.866666666665,529457.8488888887,19129.6,261484.90666666668,20031.2,341646.29333333345,19208.0,345744.0,20083.466666666667,184994.38222222225,1.0,1.0,1.0,1.0,1.0,1.0
